195.9	191.09	187.95	187.82	187.74	187.74	187.22	187.82	186.47	186.47	177.25	168.5	173	165.89	179.73	188.06	193.67	213.36	229.99	243.42	235	203.25	190.85	187.28	2023-01-01
187.27	187.2	180	180	185.89	185.89	198.85	202.72	213.36	203.99	196.23	NA	NA	NA	195.74	199.09	206.21	262	247	250	210.95	199.09	194.47	185	2023-01-02
170.77	148.89	120	115	113.63385	148.89	191.58	191.63	199.74	198.49	191.58	180.2	175	174.76	180.2	190	194.9	200.38	200	199.74	195.02	189.89	173.57	149.99	2023-01-03
121.5	119.22	100	123.87	128	135	171.58	190	217.72	191.22	183.83	173.5	169.41	172	183.57	191.46	200.45	211.77	215	211.6	200	190.06	179.99	137.89782	2023-01-04
150.98	123	107	100	107.4	137.4	188.16	200.35	227	242.65	192.94	184.38	165	165.1	184.52	199.35	234.27	249.99	239.99	248.8	200.01	192.94	184.99	160.86	2023-01-05
173.13	170.77	160	150	152.1	155	172.8	174.6	174.34	174.14	156.68	147.6	145.5	135.45	149.99	173.97	179.6	211.85	226.72	249	219.99	188.09	175.74	164.2	2023-01-06
176.66	174.01	174.01	173.05	173.03	174.01	179.55	186.67	192.82	206.09	186.39	178.54	165	163.94101	177.44	182.11	NA	NA	NA	NA	NA	NA	178.54	180	2023-01-07
164.87	155.73	150	150	152.63	154.21	165	170.5	170.5	170.14	165	150	160	152.39915	165	177.38	176.99	178.19	181.87	185.48	180.56	170.5	149.81	146	2023-01-08
164.67	150	111	85	73.71	111	140.54677	185.78	195	193.39	NA	NA	173.16	173.77309	178.78798	NA	NA	NA	NA	NA	NA	NA	NA	NA	2023-01-09
NA	NA	NA	NA	NA	108.60482	NA	NA	NA	NA	NA	NA	NA	NA	NA	NA	NA	NA	NA	NA	NA	NA	NA	143	2023-01-10
128.14	100	100	100	105	131	190	208.56	226.25	NA	NA	NA	NA	NA	190.5	NA	226.11	254.17	217.78	214.93	206.5	205	194.5	186.54	2023-01-11
160.72	150.07868	131	129.2	133.5	151.5	180.1	192	223.51	207.96	189.99	181.1	174.62	175.16	179.5	187.7	198.08	230.89	200.15	195.8	185.5	181.38	177.5	172.5	2023-01-12
172.34	169.56	169.42	156.74	163.5	172.99	185.01	229.16	295	254.55996	206.24	NA	185	185	188.23	195.82	210	228.65	207.43	200	188.23	180	175	171.77	2023-01-13
157.8	147.8	141	140.48	145.16	150	167.91	178.78	180.2	179.85	167.91	NA	125.91	NA	135.85233	165	175.17	182.71	180.2	185	180.1	178.69	170.48	167.91	2023-01-14
155.6	146.3	137.06	130	130.6	130	146.76	148.4	148.4	149	148.4	141.33	NA	NA	NA	NA	163.11	167.91	169.36	169.51	167.91	164.12	148.4	115	2023-01-15
NA	NA	NA	NA	NA	NA	NA	NA	NA	NA	NA	NA	NA	NA	NA	NA	NA	NA	NA	NA	NA	NA	NA	NA	2023-01-16
NA	NA	NA	NA	NA	NA	NA	NA	NA	NA	NA	NA	NA	NA	NA	NA	NA	NA	NA	NA	NA	NA	NA	146.7	2023-01-17
NA	NA	NA	NA	NA	NA	NA	NA	NA	NA	NA	NA	NA	NA	NA	NA	NA	NA	NA	NA	NA	NA	NA	NA	2023-01-18
157.4	NA	NA	NA	NA	NA	NA	NA	NA	NA	NA	NA	NA	NA	NA	NA	NA	NA	NA	NA	NA	177.4	NA	NA	2023-01-19
162.72	158.46902	NA	153.09021	154.09	158.64384	182.25918	208.07258	NA	NA	NA	NA	NA	NA	NA	NA	NA	NA	NA	NA	NA	181.01	178.84	174.99	2023-01-20
NA	NA	NA	NA	NA	NA	NA	NA	NA	NA	NA	NA	NA	NA	NA	NA	NA	NA	NA	NA	NA	172.13	170	165.04	2023-01-21
168.8	162.85	162.76	151.54	151.22	150.12	162.8	183.32222	179.8	184.58	184.89	184.89	186.2	184.48	179.02	190	193.66	215.71985	236.66586	240	217.51	204.01	190.88	184	2023-01-22
164.8	164.8	166.19696	154.5	151.9	165.9	189.9023	225.98	NA	NA	NA	NA	NA	NA	NA	218.99	224.58102	248.90134	248.06994	223.19006	205	192.51	190.33	180.32	2023-01-23
174.52	162.84	161.56	161.93	162.12	171.05	183.61	210	NA	NA	NA	NA	NA	NA	NA	217.9725	224.58	250	250	229.99	214.01928	190.53	185.7	178.83	2023-01-24
160.04	156.38	154.26	150.86	150.45	160.6	176.65	203.28594	225.0418	225	212.42185	NA	193.20226	185.2	192.50977	197.29933	199.18612	NA	NA	NA	NA	180.07	175.61462	NA	2023-01-25
154.7	148.57102	143.19	143.19	142.8	149.99	166.85	186.83	198.95	205.50785	NA	NA	184.92637	176.83176	177.6	175.08	178.99	186.2	197.96406	193.6984	NA	170	166.85	159.84	2023-01-26
150.39	143.78067	137.00228	131.13833	130.55314	137.4516	160.85	NA	195	NA	NA	NA	NA	NA	NA	185	188	198.05307	200.7	193.7	182.08911	174.56	169.99	158.1	2023-01-27
160.38	151.1	149.8	149.8	143	149.8	157.97	160.5	161.52	172.1	161.52	159.74	153.64862	145.34617	149.8	159.81	160.9	NA	220	220	199.99	160.5	156.47	149.8	2023-01-28
162.01324	155.8	150	136.4	132.11	131.89	134.72	150.07	148.9	NA	NA	NA	NA	116.4978	123.5934	148	162.17	174.91	200	215.92	211	179.02184	167.99709	155.88	2023-01-29
152.08	148.58	152.04	150.86	152.03	156.86935	176.15	213.05	208.9	215	181.64399	181.41696	169.6118	NA	NA	178.88861	189.86	205.48776	224.39275	220	187.84106	172.85	169.11059	159.09	2023-01-30
NA	NA	NA	NA	NA	NA	161.06	NA	NA	NA	NA	NA	NA	NA	NA	162.15	172.27494	200.52039	196	191.91	176.48	166.5	164.18272	156.3	2023-01-31
149	135.28353	131.4484	135	135	147.7	164.27	181.7	202	180.7	NA	NA	154.99	NA	NA	NA	171	187.18924	189.40765	189.74455	175.01715	169	163.12	152.29643	2023-02-01
148.7	140	140.06019	139.01	140.7	154.05	165.89	210.85	230	224.99	NA	NA	158.88	159.33	165.17	169.89	209.99	230	234.99	230	222	175.98	165.89	159.33	2023-02-02
151.6	150.6	146.26	146.8	147.5	156.5	169.45	186.78	226.5	195	172.07846	165.65938	157.83	157.83	160.95	169.45	174.99943	196.48258	197.4545	185.1325	NA	169.45	160.28	153	2023-02-03
158.09	155.26	150	145	140.5	140.5	155.36	160	166.07	169.8337	164.10761	NA	NA	NA	NA	NA	NA	170.28855	184.15757	191.20781	167.81438	158.1	152.3713	137.3	2023-02-04
153.69	147.56	NA	NA	NA	NA	NA	NA	NA	NA	NA	NA	NA	NA	NA	NA	NA	NA	172.84	176.54396	171.9	170.27	160	157	2023-02-05
152.2	NA	NA	NA	NA	NA	NA	200.64581	NA	NA	NA	NA	NA	NA	NA	NA	184	203.22	218	217.21	186.21351	179.99	174.7	163.1	2023-02-06
156.86	148.8	149.5	148.6	150.3	152.6	170.54	198.03638	214.12258	193.3	NA	NA	157.03483	158.02	162.52	171.87	189.98015	222.26	245.5985	229	199.0263	188.17898	173.27	163.02	2023-02-07
160.00164	155.13	152.8	150.6	151.6	154.05	NA	196.64	215.9	188.51	171.84	162.6	152.41	152.41	160.89	165.1	171.84	183.98852	192.45422	193.03072	176.29168	173.98	169.72	160.97	2023-02-08
161.82529	159.26615	155.91	149.93	146.52328	155.82	171.19	186.60248	NA	NA	NA	NA	NA	155.07	NA	NA	169.98	189.15524	225	237.59079	198.02846	179.99	174.99	166.61	2023-02-09
155.58	154.28	150	139	138	146.98	167.29	186.69178	205	186.91108	NA	NA	NA	NA	152.63	157.949	180.79158	202.22	214.99	214.99	179.95	170.04	167.03275	160.93	2023-02-10
NA	NA	NA	NA	NA	NA	NA	NA	NA	NA	NA	NA	NA	NA	NA	NA	NA	NA	NA	NA	NA	NA	NA	NA	2023-02-11
160.03	154	151.93	150.3	150.3	150.13	150.2	150.3	150.12	150.33	145.55932	140.06835	129.88801	120	120	135	150	160.03	175.1	189	170	160.99	157.32	147.57	2023-02-12
145.74	145.22	145.96	144.82	144.78	144.92	163.19	196.08407	229.99	196.20411	173.34687	NA	148.63	149.32	151.43	157.88989	169.99	192.02	221.8	206.95244	187.85626	170	160.97304	150.12	2023-02-13
149.02	144.84	138.3	132.12489	133.7	141.93467	166.46	199.98609	206.98464	NA	NA	NA	135.03	NA	140.35	152.22277	165.01337	181.48085	205	204.99	175.80866	163.61	156.28	145	2023-02-14
143.48	135.8	133.2	132.6	135	146.4	168.69464	185	212.03	171.98	158.84899	152.04	147.78348	148.72	151.73	159.96	173.99	198.58	223.98	214.00383	187.84	171.11	168.51298	159.5	2023-02-15
150.87189	148.3	144.91	141.9	143.48	150.46	166.38	196.66	NA	NA	NA	NA	NA	NA	NA	157.6	NA	174.69197	204.4	192.30008	173.1373	165.0888	160.35	151.22	2023-02-16
148.94	138.5	138.02006	136.39178	138	145.18088	163.07	198.18	202.92	169.97133	NA	NA	149.83	150.76	154.69	160.3	166.69	196.21	216.91	211.63	185.1	165.4	161.73	153.8749	2023-02-17
151.49	150.76	148.07	141.84	140.41	141.84	151.49	154.91	151.72	NA	140.55	NA	100	84.16768	86.37426	110.08701	141.84	151.44	171.50883	185	155.8	151.57	146.41	131.95	2023-02-18
140	130.2	127.1	124.1	123	118.5	130.2	135.3	120	119.03668	NA	NA	NA	NA	NA	108.42961	141.6	153.2	187.54	200	189.99	180.12648	160.71	150.76	2023-02-19
142.39	141.9	141.86	141.24	141.24	142.85	158.33	177.71	191.47	NA	NA	NA	140.5	137.56	145	NA	158.91	176.92949	194.99	204.99	180	175.84136	155.61	148.22	2023-02-20
149.34816	145.51	141.89	137.98	140	146.95	157.54	175	NA	NA	NA	NA	NA	NA	NA	NA	158.31	175.5	199.82418	214.22	181.43	168.3	157.4	151.5	2023-02-21
140.84	133.5	126.5	128.3971	130.85	140.27143	157.96485	192.3	230	NA	NA	NA	NA	NA	NA	NA	159.36207	171.04	214.99	230	175.5	169.99	154.93	150.1	2023-02-22
143	136.44	131.12	127.94	130.63	137	153.98148	170	NA	NA	NA	NA	NA	NA	145.93	149.07	153.78	160.33	206.99	212.12	161.25	159.98	153.78	147.23	2023-02-23
145.89	144.19	141.75	134	136.22	143.59	156.26	NA	238.94	199.8	NA	NA	NA	NA	NA	145.6	155.14	157.75	212.99	211	171.8	160.75	157.3	NA	2023-02-24
149.84	NA	141.9	131.8	131	130.85782	NA	NA	NA	NA	NA	NA	NA	NA	121.18	117.93	141.51	150.67	190.73	204.99	177.51	151.73	149.30329	145.44	2023-02-25
136	130	120.80269	110.64812	107	106.8	107.03778	109.22874	130.82	144.23	135	NA	NA	NA	NA	NA	NA	138.82	169.99813	200.07	183.28	154.66	148.8	144.03	2023-02-26
144.28	135.6	132.9	133.87	141.56	146.51	164.07719	186.65736	NA	NA	NA	NA	159	159	NA	NA	183.03	194.67	219	218.35	190	164.95	160.78	154.33	2023-02-27
147	141.15	143.16627	138.23	138.23	143.82	NA	NA	NA	NA	NA	NA	NA	NA	NA	NA	160	173.1284	203.81	195.8	176.17	165.01	158.40945	152.09	2023-02-28
145	140	139.64	135.8	135.59	144.32	163.29035	195.22	244	222.3	NA	NA	NA	NA	NA	NA	NA	167.94081	222.3	225	185	169	159.96504	152.00758	2023-03-01
145.6856	142.49494	141.8	140	140	144.52	165.51842	186.40903	223.9168	NA	NA	NA	NA	NA	NA	150.39	157.3	170.28719	222.3	229.28045	185	166.82	160	153.69	2023-03-02
147.56	145.79	143.54	143.11	143.62	146.37	162.18783	187.02786	NA	NA	NA	NA	146.37	143.8	145.1	149.99	156.38	164.12	220	221.1	186.85031	163	158.01869	155.76	2023-03-03
142.24	139.5	NA	NA	NA	136	NA	146.90191	NA	NA	NA	134.48	124.42	115	111.9	117.3	134.39	143.52	180	202.97	173.2	160.61375	149.7	NA	2023-03-04
144.09	142	143.42	NA	142.49124	143.03235	143	NA	135.5397	NA	NA	NA	NA	NA	NA	NA	NA	145.13703	170.01052	194.76677	184.02	167.64	NA	NA	2023-03-05
NA	NA	NA	NA	NA	NA	NA	NA	NA	NA	NA	NA	NA	NA	NA	NA	NA	160.91246	184.54936	201.68916	172.6	156.50139	147.5	140.14	2023-03-06
138.1	133	128.3522	124.29	124.41031	132.72	149.6142	186.99	210	193.19454	NA	NA	NA	NA	NA	NA	NA	NA	172.56	232.46959	162.02966	145.78	NA	132.5	2023-03-07
123.81659	NA	NA	111	111	118.23172	NA	158.52904	NA	NA	NA	NA	NA	NA	NA	NA	NA	NA	166.88613	176.01	153.76646	139.78169	132.5735	NA	2023-03-08
122.1	112	111.01619	NA	NA	NA	NA	152.77347	NA	NA	NA	NA	NA	NA	NA	NA	NA	NA	185.99	206.01	166.59	140.21	130.65	122.1	2023-03-09
102.88974	100.68208	99.06387	98.84359	99.08633	112.92	129.5	139.79	169.94	NA	NA	NA	NA	NA	NA	NA	NA	NA	NA	NA	148.72	128.98	NA	NA	2023-03-10
NA	NA	NA	NA	NA	NA	NA	NA	NA	NA	NA	NA	NA	NA	NA	NA	111	131.86	197	215	197	168.78	136.9	130.17	2023-03-11
141.25	135	134.7	130.01	126	129	137.36	113.55	91.08072	93.8	91.67589	NA	NA	NA	NA	74.9	85.053	138.49	166.33	203	184.5	178.49	147.88	140	2023-03-12
126.77	108.7	106.3	126	108.9	132.98	153.75	154.94961	154.99	NA	NA	NA	NA	NA	NA	NA	NA	155.9	220	234.99	184.5	154.8	151.82	143.32	2023-03-13
135.68	113.54	NA	NA	NA	NA	149.03	149.03	NA	NA	NA	NA	NA	NA	NA	NA	NA	NA	NA	NA	NA	NA	NA	NA	2023-03-14
NA	NA	NA	NA	NA	NA	NA	NA	NA	NA	NA	NA	NA	NA	NA	NA	NA	NA	NA	NA	NA	NA	NA	NA	2023-03-15
NA	NA	NA	NA	NA	NA	148.23	NA	NA	NA	NA	NA	NA	NA	NA	NA	NA	NA	NA	218	198	142.83	141.38	135.09	2023-03-16
NA	NA	NA	NA	NA	NA	134.3	NA	NA	NA	NA	NA	NA	NA	NA	NA	NA	159.58	190	203.75	179.99	145.23	135.64	130.65	2023-03-17
136.45	134	133.25	133.74	133.74	133.74	139.53	140	135.45	131.48	96.91818	NA	NA	NA	87.52111	92.0829	131.48	139.53	195	213.78	200	175.69	139.53	135.64	2023-03-18
135.67	131.39	129.72	120	126	128.5	126.47	112.6	101.4437	102.25748	100.254	99.05563	97.32696	94.03907	95.01	98.66725	127.75	133	145	180.24	175	144.73	135.67	130	2023-03-19
128.34	117.51	117.8	120	117.51	128.5	135.77	148.43	148.50603	138.99	135.77	133.12	128.63	128.64	131.95	135.77	135.77	140.78	157.19	192	166.71	141.40055	135.77	132.87	2023-03-20
130.77	129.53	122.7	122.7	122.7	130.77	134.1	147.22524	145.59986	132.42	127.24	124.31	112.3	112.19	119.09	126.43	132.42	138.72	148.27	189.99993	160	139.17	134.02	130.77	2023-03-21
127	123.63	120	114.2	116	126.12	133.5	138.34	135	NA	NA	NA	105.5	112	116	124.08	132.11	144.16015	165.99	195	187	144.7	132.76	127.68	2023-03-22
128.69	120	114.27	111.36	116.61	128.35	135.26	161.13	NA	NA	NA	NA	108.6	104.4	NA	NA	139.86	174.16	195	209.59	195	159.31	134.29	129.49	2023-03-23
128.13	123.6	119.4	115	119.4	130.47	135.86889	140	NA	131.91	124.24	NA	NA	NA	NA	NA	135.34	147.56	NA	190	166	138.58	135	126.61911	2023-03-24
NA	130	120.08	116.09	115.95	129.29	129.29	131.87	130	NA	NA	NA	NA	NA	NA	NA	NA	130.93	151.09	197	182.31	149.94492	133.01	130.93	2023-03-25
132.1	126.88	125.86	116	124.71	127.13	128.72	128	102.25	79.51185	NA	NA	NA	NA	NA	NA	NA	133.95	194.77	195.93	179.1	145	131	NA	2023-03-26
NA	NA	NA	NA	NA	NA	NA	NA	NA	NA	NA	NA	NA	NA	NA	NA	NA	NA	NA	NA	187.59828	163.68459	NA	NA	2023-03-27
131.77	120	NA	NA	NA	NA	132.8	NA	NA	NA	NA	NA	NA	NA	NA	NA	NA	NA	146.8	184.42	178.58	158.72	137.92	132.13	2023-03-28
130.5	125	125	125	125	126	144	190	195	167.49	NA	NA	NA	NA	NA	NA	NA	NA	NA	NA	NA	NA	132.27	128.51	2023-03-29
129	118.64	112.16	115.64	121.44	133.39	154.58	195	220.01	NA	NA	NA	128	NA	NA	NA	NA	143.15	198.04	245	215	173.12	135.09	133.05	2023-03-30
109	92	93	89	95	113.39	135.85	154.99	190	NA	NA	NA	NA	NA	NA	NA	NA	134.38	143.9	178.14	169.41	140.92	132.39	120.54	2023-03-31
130.48	124.41	123.19	104.5	99	110	128.13	137.42	137.42	123.72	104.5	63	43.39001	NA	NA	37.17653	44.5	119	137.42	179.89	181.36	164.99	137.42	134.2	2023-04-01
132.94	127.24	129.15	128.35	129.19	129.64	138.37	138.37	138.37	138.37	127.17	124.51	113	78	82.33	113.9	126.17	138.37	152.94	186.55	197.45	193.39	179.95	139.5	2023-04-02
131	126.29	119.6	113.02663	104.8	115.59	140.67	180	NA	174.87	139.17	135.3	132.68	125.11	NA	NA	133.37	NA	140.67	180.26	182	178.36	139.99	134.07	2023-04-03
128.3	120.8	117.86052	115.5748	116.38264	128.49	154.64	183.52	NA	NA	NA	NA	NA	NA	NA	NA	NA	NA	NA	NA	NA	NA	178.36	143.07	2023-04-04
144.79	144.79	143.52	141.95	144.79	144.79	180.26	225.2	NA	NA	NA	NA	NA	NA	NA	NA	NA	149.99	181.6	221.71	228	215	168.72	145.95	2023-04-05
141.9	137.23	133.39	130	129.41	135.12	170	NA	NA	NA	NA	NA	NA	NA	NA	NA	NA	138.72	NA	NA	221.8	205	153.56	145.2	2023-04-06
138.55	136.75	134.79	133.61	135.7	138.48	150	230	230	178.36	137.04	133.87	119.5	119.5	125.5	127.98	133.5	135.64	142	178.36	180.26	157.85	139.5	135.955	2023-04-07
134.58	130.95	129.27	128.5	128.01	128.01	132.78	131.43	135.00972	132.1	126	113.3	106.53	97.70047	93.85904	100	105.5	124.96559	137.5	194.99	211	180	136.25	134	2023-04-08
192.6	138.66	143.03	136.19318	136	135	152	161.43	152	132.94881	139.31	131.61	127.78	115.27	93	125.42	129.97	134.10852	205	235	250	250	235	225.15	2023-04-09
126.5	126.5	125.83	119.3	123.2	126.5	129.3	132.25	127.63	126	110	44.7	21	20	10	20	NA	103.53	127.15	140.07	151.97	132.38	128.68	120	2023-04-10
110.32	108.66	111.4	120	122.84	115	135.59	150.91267	169.71	144.85657	133.63	130.9	115.31	114.54	126.88	129.08	130.74	133.1	138.25	186.37	186.37	157.8645	135.59	132	2023-04-11
126.83	123.1	123.1	120	123.1	131.33	185.6	180.99	230	215	147	138.05	130.66	130	NA	133.52	135.9	138.28	147.34	220	222	190	138.28	133.52	2023-04-12
124.64	120.15	120.15	115.7	120.15	126.64	148.62252	186.37	208	196.11	146.06	NA	NA	NA	NA	NA	131	133.9	145.07	186.37	186.37	159.94807	139.89	134	2023-04-13
131.66674	117.7	116.54416	115	114.13	129	145.37	198.99	NA	NA	NA	NA	NA	NA	NA	NA	NA	136.7	145.85	207.98	208.29	194.99	159.31	145.32	2023-04-14
130	127.7	122.39	125	124.13	128	129.13	154.56	158.96	132.55	128	120.92	109.88	100.00699	97.4	106.5	112.9	124.7	131.9	171.24	188.92	179.99	135	133.79	2023-04-15
130	126.23	124	123.64	124	124	124	131.65	128.47	124.07	125.92	125.61	122.69	101	94.83149	101	101	124.03	132.55	154.14	195	157.55	134.05	130.7	2023-04-16
128.25	124	122.7	120	122.63	127.6	140.6844	178.7	199.51293	163.14	138.89	133.69	126.18	123.07	125.65	127.66	129.99	134.53	141.14	195.3	205	179.5	142.14	137.48074	2023-04-17
135.59	130.28	127.73	127.12	128.5	133.65	139.67	191	199	140.05	130.23	125.47	114.1	113.9	113.9	121.73	127.75	132.61	141.84	203.75	225	199	141.84	136.3	2023-04-18
132.72	127	120	119.9	119.9	128.89	143.35	200.81	206	143.99	131.05	NA	113.7	111.33	NA	123.02	129.45	130.13041	138.76	189.99	205	205	141.84	135.69013	2023-04-19
132.19	122.84	116.84	114.53	116.7	126.8	141.21	188	211	187.06	NA	NA	NA	NA	NA	NA	134.52	137.68	161.87	202.32	215	205.03	142.65	133.24	2023-04-20
130.74	127.14	122.08	120.70157	120	127.18	140.06	203	209.6	188	132.48	126.43	109.99	107.56	110	113.91	119.4	126.88	141.03751	189.99	200	199.99	149.55728	140.75	2023-04-21
168.62	171.69	144.28	134.28	133.28	134.15	164.8	162.25	134.03	119.5	107.23	73.31274	51	34.83919	22.56084	44.73148	79.93918	110.63	127.4	162.25	182	173.76	135.67506	131.11	2023-04-22
166.6	130.28	128.1	128.11	123.98	124.02	125.19	120.62	119	101.25	102.47	98.66	99	64.84	61	81	105	110	130	180.98	190.41	184.4	140.76	126.89	2023-04-23
119.99054	119.4	119.39	119.4	112.76	113	119.57	133.79798	135	126.91596	119.9967	108.58	98.06642	NA	NA	NA	NA	106.13851	119	134.56617	140.48	135.70571	128.37	119.15	2023-04-24
107.6	98.2222	95.49427	98	100	107.7	121.59927	134.1	134.93276	116.6	110	NA	NA	NA	NA	NA	NA	95	120.0395	140.26566	144.15611	141.54	137.5336	120.99	2023-04-25
111	109.17	106.78	105.5	106.4	106.78	125.16	NA	NA	NA	NA	NA	NA	NA	NA	NA	98.2	116.4	129.87	179.99	199.99	171.75	144.0002	130	2023-04-26
121.99	119.45	117.81	117.67	117.53	124.37	143.14	152.3	144.43	123.87	116.01	104.1	94	91	94.14	104.94	109.96	117.52	130	191.17	203.79	179	158.32	137	2023-04-27
134.07168	126.58	125.17	122.59	124.45	130	140.3	203.79	190	147.99	123.58	117.96	104.98	97.5	102.24	107.7	117.27	121.39	125.6	159.99	175	160	129.37	121.61	2023-04-28
121	118.03	117.04	115.1	112.41	115.85	118.51	122.24	122.39	123.42	122.24	115.1	97.63	82.61	83	80	101.6	115.1	123.99	NA	NA	NA	NA	NA	2023-04-29
115	112.11	110	110.06	110.06	110.06	110.06	110.06	108	110.24	110.23	110	113.48	109.39	110.26	104.9	109.1	110.06	113.4	120	NA	NA	118.49	110.06	2023-04-30
114.35	112	110	106.75	108.98	109.5	110.06	110.06	114.8	123.31	121.8	121.61	114.11	105.46	89	88.78942	105.5	109.5	113.4	122	126.82923	127.76	123.31	114.45	2023-05-01
102	96.5	90	86.2	88.98	100.2	122.14	128.98982	156.91	NA	NA	NA	122.52	122.14	123.46	124.45	128.62	NA	126.62	140.99	156.83	133.91	124.02	121	2023-05-02
115.8262	107.5	100.96995	99.5	99.5	107.54121	NA	NA	NA	NA	NA	NA	NA	NA	NA	122.08	NA	125.3	131.54	154.96	169.74	150.36	127.96	124.5	2023-05-03
120.58	114	105.5	104.29	105.5	114.56	120.73	136.87	130.44	117.18	NA	NA	NA	NA	NA	NA	115.47	119.88	125.1	165	180	164.99	124.89	120.66	2023-05-04
117.51	112.22	106.08	105.5	105.5	113.42	122.92	135.99994	131.31	116.66	114.3	101.58	NA	NA	NA	NA	NA	116.42	124	158	175.03	159	125.14	120.14	2023-05-05
119.42	115.18	113.79	112.91	110.67	112.9	111.6	113.88	111.3	106.59	104.59	97.6	75.99	55.8024	49.99623	63.15989	74.64074	104.59	115.86	143.51	150	125.34	118.24	115.18	2023-05-06
110	106.77	100.43	94.99	95	95.06	92.02	86.88	80	82.16	80	81.16	86	47.2526	38.21	51.09	57.6	86.83	103.52	117.18	NA	139.38	111.16	109.23	2023-05-07
NA	106.77	103.37	99.65	103.98	111	118.92	124.76	NA	NA	NA	NA	122.16	122.15	NA	NA	NA	123.95	136.55	NA	NA	NA	126	122.15	2023-05-08
NA	NA	NA	NA	NA	NA	130.19	147.3	159	166.41	136.77	133.97	NA	NA	NA	NA	NA	NA	NA	NA	NA	NA	NA	NA	2023-05-09
NA	NA	NA	NA	NA	NA	NA	NA	164	170	NA	NA	NA	120.44	NA	121.63	120.48	119.46	NA	146.41	NA	NA	NA	NA	2023-05-10
NA	NA	NA	NA	NA	NA	NA	144.05	NA	NA	119.5	116.78	NA	NA	NA	NA	NA	NA	NA	154.46667	NA	NA	NA	NA	2023-05-11
NA	NA	NA	NA	NA	NA	NA	NA	142.71315	130.15	NA	111	NA	NA	NA	NA	NA	NA	NA	NA	NA	NA	119.36	NA	2023-05-12
NA	NA	NA	NA	NA	NA	NA	NA	NA	NA	110.36	107.52	90	NA	NA	90	97.4	103.74	NA	NA	NA	NA	NA	NA	2023-05-13
NA	NA	NA	NA	NA	NA	NA	NA	NA	NA	NA	NA	NA	NA	NA	NA	NA	NA	NA	NA	NA	NA	NA	NA	2023-05-14
110.05	NA	100.38	101.32	101.65	NA	NA	NA	NA	NA	NA	NA	101.83211	97.25	95.00644	98.11556	98.59377	103.45025	NA	NA	NA	NA	NA	95.1	2023-05-15
85.6	75	75	71.74	75	88.4	111.74	NA	NA	NA	NA	NA	NA	NA	NA	NA	NA	NA	NA	NA	NA	NA	NA	97.23061	2023-05-16
100.08	100.26	93.52	94.1	88.5	95.06	108.4499	124.4	NA	NA	NA	NA	NA	NA	NA	NA	NA	NA	NA	144.21	NA	NA	NA	NA	2023-05-17
NA	NA	NA	NA	NA	NA	NA	NA	NA	NA	109.42	NA	93.85	NA	NA	NA	NA	111.08	NA	NA	NA	NA	NA	110.5	2023-05-18
NA	NA	96.1	96.1	95.7	103.34	112.86	NA	NA	NA	NA	NA	NA	NA	NA	NA	NA	NA	NA	NA	NA	NA	110.43988	NA	2023-05-19
NA	NA	NA	NA	NA	NA	NA	NA	NA	112.74	NA	NA	NA	NA	NA	NA	104.96	NA	NA	NA	NA	NA	NA	NA	2023-05-20
NA	NA	NA	NA	NA	NA	NA	NA	NA	NA	NA	NA	NA	NA	NA	NA	NA	NA	NA	NA	NA	NA	NA	NA	2023-05-21
NA	NA	NA	NA	NA	NA	NA	NA	NA	109.14	NA	NA	NA	NA	NA	NA	NA	NA	NA	NA	NA	NA	NA	109.48	2023-05-22
NA	NA	NA	NA	NA	NA	NA	NA	NA	NA	NA	NA	NA	NA	NA	NA	NA	111.53	NA	NA	NA	127.74	111.55404	108.13	2023-05-23
104.91	96	90.1	93	95.6	101.1	107.57	122.17585	115	107.87	100.36	97.69	85.16	86.27	NA	100.8	NA	NA	112.66919	NA	NA	NA	110	NA	2023-05-24
NA	NA	NA	NA	NA	94.7869	114.16066	122.41727	NA	103.68	97	94.69	75	75	85.47	98.14	102.79	102.79	103.94	123.26	133.72	122.80388	102.79	97	2023-05-25
90.97	81.46	80	77.14	77.8	84.17991	100	104.16768	103.25	97.68	86.2	81.2	NA	67.2	79.53	88	96.49	100	103.31	116.62	132.1	115	NA	NA	2023-05-26
105	97.92	NA	NA	NA	NA	NA	NA	93.28	77.46	51.13	15	10	9.22	NA	10	10.8	60	NA	109	125.9	115	99.82645	NA	2023-05-27
87.09	84	81.92393	77.87354	77.86141	73	NA	72.53	NA	NA	14	15	10	10	10	14	51	72.23	NA	NA	NA	NA	NA	89.42	2023-05-28
85.68	NA	NA	NA	NA	NA	87.41	93.11	94.99	90.43	85	79.1	NA	NA	73	85.21	87.53	90.3	92.82	117.4	NA	NA	NA	NA	2023-05-29
87.53	83.83	NA	NA	NA	84.15	95.98661	116.66	108.64	92.3	83.83	84.15	76.14	78.5	88.65	89.76	93.11	93.11	100	124.99	144.99	120.66	98.52	89.65336	2023-05-30
86.58	80.6	78.5	80	79.89138	86.52473	96.45	110.39	103.48	94.97	86.83	88.48	77.48	77.48	85	92.01	93.47	94.97	97.04124	120	130	NA	94.97	87.30598	2023-05-31
92.68	84.3	82.09	80	80	82.3	94.66	118.07	115.72	94.9	89.32	89.87	85.58	85.58	92.04	91.81	95.06	NA	96.01	120	NA	NA	95.40739	91.23	2023-06-01
83.59	83.59	NA	82	82.9	85.5	84.9	87.79	90	84.3694	72.08874	63.14546	56.05894	64.9	50	75	NA	76.62434	85.9	97.4	NA	NA	NA	85.06	2023-06-02
84.94829	80.3	77.78784	75.2	76.56589	77.18644	78.75	85.3	82.63	74.76	68.98	51.8	NA	27.3	50	30	34.63	69.5	89.88	NA	NA	NA	NA	89.16	2023-06-03
85.3	77.7	77.69	75.5	75.5	75.5	NA	NA	50.80691	30	20	20	20	25	27	20	20	34.50042	78.2066	NA	NA	NA	97.3	86.97793	2023-06-04
NA	NA	NA	NA	NA	83.95	89.51	110	118.2	120	112.67	112.06	89.25	89.22	100.86	100.86	96.31	89.22	95.12668	113.31	120	NA	100	88.76	2023-06-05
80.25673	77.97341	NA	77.90779	80.97	NA	89.99	100	106	94.9	86.20991	83.91	76.82599	77	83.54	84.07	84.99	88	93.25	115	127.78	108	96.56	89.99	2023-06-06
88.8	85.2	82.3	85	85	86.63	95.96	115	114.14	98.26275	93.01959	86.6	79.94844	77	79.8	81.81	87.62	91.7	96.72	115.94	124.67	115.66	100.5	94.9	2023-06-07
93.93	89.26	84	82.81	82.92	84.01765	90.7197	98.5	105.99	94.17	87.33	83.06	75.39	77.24	83	83	84.1	86	90.14138	103	114.01	104.13308	96.58424	91	2023-06-08
95	89.7	84	82.45	81.38	86.6231	95	103.97246	103.93925	97.37	87.67	86.17	77.79	77.79	84	91	95	95.87	95	104.11997	106.45313	104.11997	97.48	85.99608	2023-06-09
100	97.29	95	91.15	91.38	90.97	90.15	NA	NA	122.15	106	96.17	96.75	95	94	91.47	93.48	95	95	NA	NA	NA	NA	NA	2023-06-10
NA	NA	NA	NA	NA	93.78	95	102.24	95	82.09	70	82.09	93.78	90	84	93.78	90	84.28	89.78	101.03	NA	NA	111.81	102.91473	2023-06-11
NA	90	85.0239	92.44	92.44	96.44	105	119.44364	124.39216	106.00652	95	93.6	90.5	89.23	95	93.53	95	97.6	109.6757	129.01	131.01	116.92532	107.02515	98.09847	2023-06-12
98.11	97.4	98	98.11	98	98	105	119	NA	118.8	104.9	104.66	96	94.23	101.91	105.19	106.1	NA	105.57	124.04	124.04	114.74737	105	99.9	2023-06-13
96.28	89.57	86.98423	86.25157	87.79	94.47	103.18	122.42308	NA	NA	NA	NA	NA	NA	104.47	102.84	NA	NA	115.01429	138.86021	140.32005	123.04	114.21275	105	2023-06-14
107.12105	102.7717	100.61799	100.38154	100.36647	110.25	112.99	125.28	140.06892	116.00195	105	98.01834	92.24	90	92	93.07	96.75	104.9	125.3917	144.7	147.99	142.09847	129.99	119	2023-06-15
126.16	121.5739	115.55797	112.65625	115	117.72	132	149.83	NA	NA	NA	NA	NA	NA	NA	NA	NA	NA	135.35403	161.09925	175.07468	165.52116	151.71825	138.18	2023-06-16
130.81	122.8	119.97457	116.39136	111.05939	110	110.24771	108.01	101	95.6	85	75.37	75	62.2	53.48	62.4	85	101.52042	115.31	137.79098	146.96797	144.77	142	136.65	2023-06-17
126.78	115.3692	109.66199	107.3	106.56	106.56	99.71	105.46	99.31	98.95	94.05	94.05	80.57	50	55	49.14425	75	95.60485	112.99	138	NA	NA	140	123	2023-06-18
116.81	113.56	111.52	NA	NA	108.07	115	137.32	143	140	117.55	114.8	106.89	106.5	NA	113.9	115	119.18	136.99957	167.77	165.08102	149.99	142.86	129.17253	2023-06-19
120.8	110.2763	104.18501	101	99.45	102.64	111.89	126.21343	NA	NA	NA	NA	NA	NA	NA	NA	NA	118.5376	140	160.59	165.08	150	138	120	2023-06-20
119.7	110.70299	104.7	103.88911	104.28	106.98453	123.4	NA	NA	NA	NA	NA	NA	106.8	119.41	NA	NA	NA	NA	NA	NA	NA	NA	NA	2023-06-21
131.37427	123.05	119.66	113.68	107.01548	112.6	125.52	143.38296	149.28908	130.11683	124.3	123.05	115	116.5	122.06	124	130.95	129	137.3	157.43142	159.73	147.18232	134.34215	122.76	2023-06-22
121.97	119.47	114	103.25	101.83	103.77	115.08545	128.7	131.23191	124	128.28	123.77	112.5	NA	NA	NA	NA	119.47	118.76161	133.01536	137.1	134.95966	128.69	121.87	2023-06-23
117.27652	115.6	114.21	114.63	114.55	114.25	112.48	112.48	111.06	110.14	107.88	102.2	105.73	103.26	103.11	100	100.47	100.9	107	123.65641	135.30857	139.21417	129.61728	118.30893	2023-06-24
118.09709	114	105.82	102.82	102.9	103.45	103.49	104.57	103.49	103.12	98	NA	NA	NA	NA	NA	64.86	80.9	103.03802	118.5	128.59	NA	129.69	118.75901	2023-06-25
115	110.2	106.71	106.52	106.52	106.83	114.47	130.66	122.6	114.47	109.21	NA	101.76	NA	NA	NA	108.88	109.52	118.06	145.87	146.99	144.87	129.53068	118.65666	2023-06-26
113.82	110.25	NA	NA	NA	NA	115.29331	130	126.99806	141.22	117.17	117	111.66	111.6	115.96	120.77	124.3	115.96	115.91	131.92	NA	137	125.0628	116.16341	2023-06-27
NA	NA	107.23	NA	NA	NA	113.05969	120.79	128	131.32	115.3	117	109.14	108.31	113.23	117	125	117	130.14244	153.98323	NA	150	130	121.1	2023-06-28
119.46	110.06	107.33	102.9	103	106	113.97	130.18161	130.31126	133.22	120.87	129.82	108.14	107.02	111.22	111.77	112.1	112.03	126.81	159.2	159	150	124.76	119.99	2023-06-29
115.78916	110	104.63	101.8	101.8	107.19	121.62118	134.45284	140	160	150.01	150.01	110.44	109.98	113	112.98	113	112.19	113	125	NA	NA	112.3	109.47	2023-06-30
113.40858	111.23	110.76	111.88	111.23	111.23	110	109.23	108.94	111.23	109.77	101.56	70.04	70	NA	69	70	98.11	109.82	118.59	130	113.61	109.23	108.82	2023-07-01
115.48	112.51	111.17	113.48	112.51	112.51	NA	112.51	109	102.19	93.21	92.3	102.64	95	93.21	97.02	102.77	63.95	113.69	NA	NA	NA	143.67	118.55	2023-07-02
114.13	113.24	111.04	105.95	105.5	111.21	114.45	116.45	118.82	128	118.07	117.51	108.82	106.32	110.24	115.18	118.46392	115.69	117.51	119	126.1381	129.14989	122	115.14	2023-07-03
116.53	112.64	111	111.78	112.09	114.13	119.28	142.42	148.82	160.9	148.07	137.09	125	125.86	132.77	135.3	148.46	141.3	142.32	161.1	165	158.63	139.81692	124.09	2023-07-04
118.11	112.74	110.54	107.26	107.26	112.32	112.74	124.32	122.67	115.56	113.83	113.76	102.58	102.58	110.5	113	113.76	113.13	116.44	131	NA	132.27862	122.79179	115.11	2023-07-05
112.47	110.61	109	108.4	106.49	106.51	113.75	126.85	124.85	115.88	112.54	111.51	99.5	97.02	105	109.94	111.67	112.47	117.98	139.99	NA	NA	129.85	118.97543	2023-07-06
118.21	117.9	115.58	112.97	112.62	114.97	119.21	124	120.65	116.58	115.58	114.21	108.65	105.38	112.31	116	117.12	125	126.73	NA	NA	NA	124.85	117.9	2023-07-07
112.1	116.98	110.42	109	109	107	108.64	107.5	107	106.5	105.58	91.89	80.08	70.6	65.2	65	99.93	106.5	109	NA	NA	NA	NA	115.91801	2023-07-08
NA	112.173	109.11	108.52	106.4	105.49	105.49	104.4	100	91.41	85.58	85.32	87.53	83.53	65	65	87.53	105.49	106.5	130	NA	149.99	150	125	2023-07-09
113	110.64	109.41	105.4	105	105.49	114.92	126.87	134.27	119.28	116.85	114.25	113.92	114.11	NA	123	132.6	132.49	144.04688	165.49417	173.42	165.42	160	133.7	2023-07-10
124.40584	115.21	110.71	110.64	109.66	110.64	118.81	125	NA	115.16	113.97	112	110.64	111.5357	114.11	115.5499	NA	129.99	140	NA	169.99	NA	129.99	NA	2023-07-11
112.36	NA	NA	NA	NA	NA	111.85	118	120	126.67	123	114.83	NA	NA	NA	NA	123.00621	NA	129.99	146.91357	149.99	134.44	NA	114.2	2023-07-12
NA	NA	95	93.26416	92.99572	96.1268	107.28	117.84547	119.1	113.85	109.99	108.21	NA	NA	NA	NA	NA	114.65	115.82	NA	NA	NA	130.13374	117.7183	2023-07-13
101	96.92	94.85	93.18	94.55	96	101.33	104.78812	102.18	NA	99.95	99.36	NA	NA	NA	NA	NA	102.18	105.6	NA	NA	NA	103.6	NA	2023-07-14
NA	104.92	NA	95.92	NA	99.2	98	100	100	91.75	92.71	88.95	87.2	87.2	87.2	87.95	92.92	98.83	NA	NA	NA	NA	NA	NA	2023-07-15
130.9	111.81574	106	99.1	110.9	104.17	115	104.39	101	85	79.61	80	85	81.09	80	88	93.04	102.9	125.38	144.53	NA	NA	140	121.9	2023-07-16
107.26	100.2	NA	96.31	NA	96.76169	110.31	109.5	NA	103.84	103.1	104.43	100.79	101.77	105	112.91527	128.34215	133.68454	NA	NA	NA	NA	NA	NA	2023-07-17
104.13	101	96.84	NA	NA	NA	103.09	108.65	NA	NA	NA	NA	NA	NA	NA	NA	131.92637	141.4	160.01777	180.85	188	166	139.25541	115.15	2023-07-18
108.11	101.99342	97.24897	NA	96.62	100.26	104.64	117.19	118.14994	119.75	NA	109.99	104.87	109.99	123	141.5	154.5	160.5	NA	NA	NA	NA	NA	NA	2023-07-19
105.59	NA	NA	NA	NA	NA	NA	109.99	111.45	116.62	109.57	114.99	104.1	104.95	NA	NA	130.65	NA	NA	NA	NA	NA	NA	NA	2023-07-20
NA	NA	NA	NA	NA	NA	NA	NA	NA	NA	NA	NA	NA	NA	NA	NA	NA	NA	NA	NA	NA	NA	NA	NA	2023-07-21
NA	107.77	103.74	102.08	101.89	99.38	NA	102.08	102.89	104.89	NA	NA	NA	NA	NA	NA	NA	NA	NA	NA	NA	NA	NA	NA	2023-07-22
NA	NA	NA	103.4	NA	99.11	97.78	100.66	99.99	98.23	95.29	90.9	89.55	77.22	86.36	91.22	96.82	99.49	NA	NA	NA	NA	NA	NA	2023-07-23
NA	NA	NA	NA	NA	90.08	102.46	111.89	114.89	111.01	NA	NA	NA	NA	NA	NA	NA	NA	NA	NA	NA	NA	NA	NA	2023-07-24
NA	NA	NA	NA	NA	NA	NA	NA	144	NA	NA	NA	NA	NA	NA	NA	NA	NA	NA	NA	NA	NA	NA	NA	2023-07-25
NA	NA	NA	NA	NA	NA	NA	NA	NA	NA	NA	NA	NA	NA	NA	NA	NA	NA	NA	NA	NA	NA	NA	NA	2023-07-26
112.05	NA	NA	NA	NA	NA	NA	109.05	114.57	NA	106.79	104.75326	95.12	99.94	102	NA	NA	111.96	NA	NA	NA	NA	NA	NA	2023-07-27
NA	NA	NA	NA	NA	105	102.21553	NA	112.98549	107.87	101.11	101.11	NA	NA	NA	NA	104.08	NA	NA	NA	NA	NA	NA	NA	2023-07-28
NA	NA	NA	96.74	97.48	95.74	94.4	94.1	93.74	91.87	89.39	82.5	79.81	70	NA	NA	84.1	91.89	NA	NA	NA	NA	NA	NA	2023-07-29
NA	NA	NA	NA	NA	92.26354	87.46	90.05	86.78	80.1	74.38986	50	40	40	40	NA	NA	NA	93.2	NA	NA	NA	NA	NA	2023-07-30
97.19	91.7	81.91	79.4	78.28	81.91	94.13	99.96	105	100	98.15	98	94.2	94.2	96.77	98.38	NA	NA	NA	NA	NA	NA	NA	NA	2023-07-31
NA	98.47989	95.81	95	94.61	94.04	100	105.23	104.81	101.79	98.07	96	92.05	88.5	93.98	97.44	NA	101.79	105.58	NA	NA	NA	NA	NA	2023-08-01
NA	94.59	88.62	85.81	86.1	91.4731	100.96	115.2	119.48	111.1	106.53	105.24	101.88	100	103.01	104.06	104.59	109.87	118.87	131.9	139.13	140.4	121.38	112.5	2023-08-02
106.4	103.22	100.87	92.18	92.39	98.07	102.84	120	131.9	113.4	103.56	103.11	100.77	100.36	101.95	103.84	108.42	115.5	138.53	138.8	NA	135.4	NA	NA	2023-08-03
101.2	NA	NA	97.79	98	99	101.29	NA	118.75	112.92	107	104.43	100.3	100	102.6381	104.35	105	NA	NA	123.96	129.18	121.07	NA	NA	2023-08-04
NA	NA	NA	NA	90.33	90.53873	94.1	96.98	99	96.98	98.43	97.26485	97.46477	96.98	94.08	95	90.33	NA	NA	NA	NA	NA	NA	NA	2023-08-05
101.09	97	96.20616	95.68	95.53	95.35	94.84	95.6	93.92	90.33	80.43	45	40	40	40	40	60	81.01	81.8	97.92	NA	NA	NA	98.15	2023-08-06
98.71	96.57	95.45	95	93.44	95	95.57	96.57	94.53	90.8	81.49	75	75	72.78	60	61.1	82.3	96.57	NA	NA	NA	NA	110.8	100	2023-08-07
97	93.48	87.69	87.69	87.55	91.34	95.42296	97	95.03	83.88	80	70.42796	50.09338	45.69	48.9	50	74.21	88.8	NA	NA	NA	NA	NA	95.12	2023-08-08
98.56	96.66	94.59	94.58	94.73	97	98.16164	110	106.43512	99.66	93.6	85.69	81.9	76.22782	71.93	79.38934	93.6	99.66	100	NA	NA	NA	122.47	100.96	2023-08-09
99.13	96.5	92.5	92.5	88	95.53	100.5	NA	104.19635	98	95.72289	89.3	82.93839	75.25753	76.63479	81.22363	93.32	97	100.42	NA	NA	NA	115.19025	NA	2023-08-10
111.03538	108.99	106.92	105.21	104.87	107.11	109.47	114.88	114.98264	106.92	108.7	107	105	93.22	80.2	70	86.22	105.14	111.05277	NA	139.55738	130.36	118.49061	109.47	2023-08-11
105.2	98.13998	97.57	94.36	93.90918	93	93.47	100	101.94	93	88.61	71.36802	54.90428	43.49	41	60	70	92	102.57	108.05	NA	NA	NA	103.52	2023-08-12
108	104.82	102.87	102.87	102.87	102.54	98.43	102.87	103	97.51	90.82	75.4	66.44	54.38	52.67	78.74	98.8	102.87	108.22	124.61	148.62	148.62	NA	116.17	2023-08-13
NA	97.73	97.73	96.5	95.76	97.18	103.2	108.66033	104.77	99.24	98	99	97.73	95.2	96.48	98.83	99.99	100.35	111.3	140.1	NA	NA	110.9885	106.78	2023-08-14
109.11	103.89	102.91	100.19	102.37	105.13	105.13	108.99	103.77	103.83	100.86	96.04	92.25	82.46	86.62	94.15	103.14	102.15	108.72	123.58	NA	NA	125.25	107.89085	2023-08-15
106.76475	99.81	96.95	93.46	94.23	97.5	107.35	118.8	NA	NA	NA	NA	NA	NA	NA	NA	NA	108.88	NA	NA	NA	NA	NA	NA	2023-08-16
NA	NA	NA	NA	NA	NA	NA	125	121.09	NA	101.87155	95.26328	91.62	89.97682	89.98089	92.32	99.45092	NA	NA	NA	NA	NA	NA	NA	2023-08-17
NA	NA	NA	NA	NA	NA	113.8	NA	NA	NA	NA	NA	NA	NA	NA	NA	NA	NA	NA	NA	NA	NA	NA	NA	2023-08-18
NA	NA	NA	NA	NA	NA	NA	NA	NA	NA	NA	NA	NA	NA	NA	NA	NA	NA	NA	NA	NA	NA	NA	NA	2023-08-19
NA	NA	NA	104.87	102.14	102.94	101.83	99.69219	98.99181	NA	NA	NA	NA	NA	NA	NA	NA	NA	NA	128.8	139.97115	139.54	NA	NA	2023-08-20
111.95112	102.11	NA	96.97	97.46	NA	NA	NA	NA	115	103.99	NA	NA	NA	104.98	NA	109	120	NA	180	NA	166.1	136.01	115	2023-08-21
NA	124	NA	NA	NA	NA	NA	146.39142	150	122.19	118.46	117.11	117.34	117.17	120	121.18	135	147.39	185.94633	216.29169	NA	NA	145.8	NA	2023-08-22
134.72	138.92	128.36	124	126	126	140.62375	161.18354	157.40968	136.5	124	123.82	124	127.23	130.74	145.36425	161.8	168.8	225.5	NA	NA	240.79	172.82	138.66913	2023-08-23
164.72	141.5	NA	NA	NA	NA	139.99383	161.19467	160.44578	137.78	133.78	133.78	133.09	136.73	144.5	155.44989	170.01	184.99	231.61604	NA	250	227.4	173.5	141.5	2023-08-24
140	NA	119.24	115.33	NA	NA	NA	135.11985	139.42	NA	116.67	115.33	NA	116.8	121.37	122.07	141.1	164.99	220	231.8	NA	NA	NA	NA	2023-08-25
NA	NA	NA	NA	NA	NA	NA	NA	NA	NA	NA	NA	NA	NA	NA	NA	110.43	124.94	149.33171	NA	NA	NA	NA	114.28	2023-08-26
NA	NA	NA	NA	NA	NA	NA	NA	NA	NA	NA	NA	106.66	NA	NA	NA	107.81	110.33	NA	NA	NA	NA	NA	114	2023-08-27
115	NA	NA	NA	NA	NA	NA	124.51	140	NA	NA	NA	NA	NA	NA	NA	NA	NA	NA	145.78	161.65	138.08473	123.72	NA	2023-08-28
NA	NA	NA	NA	NA	NA	120.94	147.14	NA	NA	NA	NA	NA	NA	NA	NA	NA	129.99	136.97373	160.01	NA	NA	NA	NA	2023-08-29
105.8	100	96.36326	95.84	95.79	101.41	123.99578	126.64	NA	NA	NA	NA	NA	NA	NA	NA	NA	118.47806	125.86	140.94	142.39	134.4	NA	NA	2023-08-30
114.54	114	112.41	112	112.1	115.27	NA	152.29	154.1	NA	NA	NA	NA	NA	NA	NA	NA	119.09	NA	NA	NA	NA	NA	NA	2023-08-31
NA	109.57	109.51	100	102	103.64	112.05263	128.85	136	120	113.27	110.21	NA	106.66	108.58	110	111.34	115	NA	155.9	NA	NA	NA	NA	2023-09-01
107.4553	102.69784	100.76215	99.68	99.92	99.92	100.27	101.09	NA	99.45	90.82	NA	NA	NA	NA	NA	NA	NA	NA	NA	NA	NA	105.64317	100.65	2023-09-02
105.28	101	NA	NA	99.72	99.61	99.85	99.83	94.82	85	78.1	85	92.89	NA	NA	45	53.65505	92.66808	106.5	NA	NA	117.74902	108.2	100.19	2023-09-03
98.68	91.5886	89.66523	87.32614	87.76	96.12	106.75	133.95	NA	NA	NA	NA	NA	NA	NA	NA	NA	NA	NA	NA	NA	NA	NA	NA	2023-09-04
NA	NA	NA	NA	NA	NA	NA	NA	NA	NA	NA	NA	NA	NA	NA	NA	NA	NA	NA	NA	149.22956	NA	NA	NA	2023-09-05
NA	NA	NA	NA	NA	NA	115.65605	125.54522	119.19312	NA	NA	NA	NA	NA	NA	NA	NA	NA	145.83	182.52269	166.04442	123.12503	105.5	102.16	2023-09-06
100.29	97.46	96.41	94.95	95	96.41	112.88471	130	132.59	NA	NA	NA	NA	NA	NA	NA	NA	NA	133.53	167.26545	149.36	124.94	107.97	105.89	2023-09-07
108.2	106.2	100.16	95.95	95	95.96	110.1	131.43	NA	NA	NA	NA	NA	NA	NA	NA	NA	107.9	130.1	164.05036	159.99	132.08	113.93159	105.98	2023-09-08
105.2	102.46671	100.01	100	99.67	100	103.73783	103.88603	104.76	99.16	98.61	89.2	87.83	65.3	52.23	57.8948	83.67	99.46	NA	NA	NA	131.78	110.9	103.1571	2023-09-09
112.08	109.18	107.56	106.95	107.6	107.61	105.56	109.65	105.56	94.81	96.11	105.56	105.56	95.3	85.52	84.08	90.5	103.08	120.30175	146.5	148.44454	131.57	113.93475	106.9	2023-09-10
110	105	97.69	100.46	100.46	110	123.17	152.08	136.44	115	110	NA	98.23	NA	NA	112.52	113.81	132.00616	186.59	227.25993	194.7	151.4	131.41	119.93629	2023-09-11
113.36	115	112.52	111.87	110.51	112.52	136.06	140	NA	NA	NA	NA	NA	NA	NA	NA	NA	NA	NA	NA	NA	NA	NA	NA	2023-09-12
NA	NA	NA	NA	NA	NA	NA	NA	NA	NA	NA	NA	NA	NA	NA	NA	NA	NA	NA	NA	NA	NA	NA	NA	2023-09-13
NA	NA	NA	NA	NA	NA	NA	NA	NA	NA	NA	NA	NA	NA	NA	NA	NA	NA	NA	NA	NA	NA	NA	NA	2023-09-14
NA	NA	NA	NA	NA	NA	NA	NA	NA	NA	NA	NA	NA	NA	NA	NA	NA	NA	NA	NA	NA	NA	NA	NA	2023-09-15
NA	NA	NA	NA	NA	NA	NA	NA	NA	NA	NA	NA	NA	NA	NA	NA	NA	NA	NA	NA	NA	NA	NA	NA	2023-09-16
NA	NA	NA	NA	NA	NA	NA	NA	NA	NA	NA	NA	NA	NA	NA	NA	NA	NA	NA	NA	NA	NA	NA	NA	2023-09-17
NA	NA	NA	NA	NA	NA	NA	NA	NA	NA	NA	NA	NA	NA	NA	NA	NA	NA	NA	NA	NA	NA	NA	NA	2023-09-18
NA	NA	NA	NA	NA	NA	NA	NA	NA	NA	NA	NA	NA	NA	NA	NA	NA	NA	NA	NA	NA	NA	NA	NA	2023-09-19
NA	NA	NA	NA	NA	NA	NA	NA	NA	NA	NA	NA	NA	NA	NA	NA	NA	NA	NA	NA	NA	NA	NA	NA	2023-09-20
NA	NA	NA	NA	NA	NA	NA	NA	NA	NA	NA	NA	NA	NA	NA	NA	NA	NA	NA	NA	NA	NA	NA	NA	2023-09-21
NA	NA	NA	NA	NA	NA	NA	NA	NA	NA	NA	NA	NA	NA	NA	NA	NA	NA	NA	NA	NA	NA	NA	NA	2023-09-22
NA	NA	NA	NA	NA	NA	NA	NA	NA	NA	NA	NA	NA	NA	NA	NA	NA	NA	NA	NA	NA	NA	NA	NA	2023-09-23
NA	NA	NA	NA	NA	NA	NA	NA	NA	NA	NA	NA	NA	NA	NA	NA	NA	NA	NA	NA	NA	NA	NA	NA	2023-09-24
NA	NA	NA	NA	NA	NA	NA	NA	NA	NA	NA	NA	NA	NA	NA	NA	NA	NA	NA	NA	NA	NA	NA	NA	2023-09-25
NA	NA	NA	NA	NA	NA	NA	NA	NA	NA	NA	NA	NA	NA	NA	NA	NA	NA	NA	NA	NA	NA	NA	NA	2023-09-26
NA	NA	NA	NA	NA	NA	NA	NA	NA	NA	NA	NA	NA	NA	NA	NA	NA	NA	NA	NA	NA	NA	NA	NA	2023-09-27
NA	NA	NA	NA	NA	NA	NA	NA	NA	NA	NA	NA	NA	NA	NA	NA	NA	NA	NA	NA	NA	NA	NA	NA	2023-09-28
NA	NA	NA	NA	NA	NA	NA	NA	NA	NA	NA	NA	NA	NA	NA	NA	NA	NA	NA	NA	NA	NA	NA	NA	2023-09-29
NA	NA	NA	NA	NA	NA	NA	NA	NA	NA	NA	NA	NA	NA	NA	NA	NA	NA	NA	NA	NA	NA	NA	NA	2023-09-30
NA	NA	NA	NA	NA	NA	NA	NA	NA	NA	NA	NA	NA	NA	NA	NA	NA	NA	NA	NA	NA	NA	NA	NA	2023-10-01
NA	NA	NA	NA	NA	NA	NA	NA	NA	NA	NA	NA	NA	NA	NA	NA	NA	NA	NA	NA	NA	NA	NA	NA	2023-10-02
NA	NA	NA	NA	NA	NA	NA	NA	NA	NA	NA	NA	NA	NA	NA	NA	NA	NA	NA	NA	NA	NA	NA	NA	2023-10-03
NA	NA	NA	NA	NA	NA	NA	NA	NA	NA	NA	NA	NA	NA	NA	NA	NA	NA	NA	NA	NA	NA	NA	NA	2023-10-04
NA	NA	NA	NA	NA	NA	NA	NA	NA	NA	NA	NA	NA	NA	NA	NA	NA	NA	NA	NA	NA	NA	NA	NA	2023-10-05
NA	NA	NA	NA	NA	NA	NA	NA	NA	NA	NA	NA	NA	NA	NA	NA	121.44	144.1	165	NA	151.66837	120.1	112.67	113.32	2023-10-06
NA	125	118.33	115.08	110.25	115	NA	NA	NA	128.1	97.28	96.39	96.39	93.94	93.94	96.39	101.36	NA	NA	NA	NA	NA	NA	108.19	2023-10-07
NA	NA	101	100.06	98.13	98.13	101	100.06	101.14	99.5	95.15	95.15	NA	82.7	60.1	70.85735	85.78301	109	116.9	NA	131.84673	110.2	104.42	98.13	2023-10-08
107.23	105.83	103.75	97.01	97.22	104.71	118.32131	137.5769	154.2	130.16991	113.75688	107.01	103.04801	102.73184	107.01	115.77	140.38	162.31	NA	221.7	184.50036	145	120	112.7	2023-10-09
118.23	112.95	110.56	109.95	109.76	114.2	134.41	168.6	188.45534	158.27	126.01	123.71	113.02	112.95	123.71	127.77	165	188.9	NA	NA	NA	NA	126.94	125.88	2023-10-10
136.86	135	131.36	132.46	133.85	135.26	170.36	179.72	190	180	138.15	133.85	117.08	121.48	130	133.61	140.69	169.4	190	NA	180	147.2	136.59	135	2023-10-11
135.42	133.66	132.76	132.4	131.08	133.15	144.29	161.59	173.43	160	138.35	133.98	125.38	125.21	128.25	137.11	140.67	154.31	190	226.2	NA	NA	NA	138.06	2023-10-12
144.88	142.1	140	140.58	140.58	143.67	170	199.60624	183.9	182	155	143.85	138.84	135.34	140.58	145	164.11	162.18	NA	NA	NA	NA	NA	140.58	2023-10-13
161.11	153.61	150	146.42	147.9	147	150.67	164.36	178.8	163.46	152.22	145.97	128.21	141.6	134.86	143.27	149	155	180	183.98	161.59	149.44	146.14	145.17	2023-10-14
147	146.55	146.55	146.55	146.21	146.55	147.9	151.15	149.49	151.15	146.55	NA	NA	NA	NA	NA	142.33	NA	NA	NA	NA	NA	NA	NA	2023-10-15
157.91	156.47	156.47	154.82	148.83	148.83	NA	NA	NA	NA	NA	177.35	156.47	156.47	162.61	NA	NA	NA	NA	NA	NA	NA	NA	NA	2023-10-16
149.43	146.52	142.35	142.35	142.35	142.9	NA	NA	NA	NA	NA	153	151.47	151.38	NA	NA	NA	NA	NA	NA	NA	NA	NA	NA	2023-10-17
137.68	NA	129.16	NA	NA	137.51	NA	NA	NA	NA	NA	NA	NA	NA	142.42	NA	NA	NA	NA	NA	NA	NA	NA	131.88	2023-10-18
139.08	137.52	131.14	128.68	130.57	134.15	148.75	188.8	200.01	180	160	NA	141.87	138.85	NA	145.6	147.11	153.22	171.65	189.92	171.02	148.48	142.35	135.19	2023-10-19
128.24	126	122.26	120	121.26	128.34	135.88	150.00067	171.07	NA	NA	NA	NA	NA	NA	NA	NA	135.39	149.89	165	NA	NA	127.63	129.45	2023-10-20
132.05	125.76	121.5	124.68	125.68	127.27	134.89	150	164.43	173.22	153.2	135.43	128.6	115.72	117.5	116.4	127.5	134.89	149.89	173.51	150	137.77	133.72	125.43	2023-10-21
127.98	125.26	119.08	123.6	125.34	127	133.92	135.28	153.47	135.09	126.26	115.43	104.62	60	65	70.1	132.71	139.5	NA	NA	NA	173.22	143.52	134.43	2023-10-22
122	120.13	118.52	115.42	115.42	118.52	141.26432	173.65635	190	NA	NA	NA	125.6	NA	133.66	NA	NA	173.33	191.42	NA	165.43	149.44	138.25	138.25	2023-10-23
129.91	127.59	123	116.96	117.03	123.42	143.52	166.27	NA	NA	NA	NA	NA	NA	141.03	NA	NA	143.83	NA	NA	NA	NA	NA	NA	2023-10-24
NA	NA	NA	NA	NA	NA	NA	NA	NA	NA	151.33	140.68	130.55	NA	NA	138.96	141.57043	NA	NA	NA	142.35	NA	130.55	129.7	2023-10-25
129.42	107.5	92.57049	90	91.55857	107.5	147.42	167.7	190	183	154.44	NA	131.48	NA	NA	NA	161.37	170.26	183.5	190	157.01	148.37	141.51	138.56	2023-10-26
117	97	92.63862	90.51705	89.69	98.58791	136.76	155	164.57	152.94	141.51	NA	NA	NA	NA	NA	138	142.84	150	149.85	140.25	NA	NA	93.69787	2023-10-27
110.97	106.6	97.12	100.52	99.69	99.3	110	NA	143.04	136.76	106.2	69.66607	39.01	30	30	64	109.2308	NA	NA	NA	NA	NA	117.83	114	2023-10-28
120.39	105.41	110	113	103.94	89	90	114.98	120.4	124.78	120.36	100.49	100	105	95	110	127.81	NA	NA	NA	NA	NA	NA	NA	2023-10-29
NA	NA	NA	NA	NA	NA	133.14	147.62	158.62	144.64	140	139.49	132.82	134.62	144.4	150.83	164.25	170	171	165	144.64	133.6	114.3476	99.98816	2023-10-30
86.0485	79.19835	71.96316	64.8	65.5	75.26082	120.26	152.11	163.33	151.24	130.89	119.49	102.6412	101.94	117.63	139.11	151.24	161.80723	172.04141	170	155	140	130.44	113.47	2023-10-31
64.97417	55.81293	50.43919	NA	NA	NA	NA	NA	NA	NA	NA	NA	NA	NA	NA	NA	NA	NA	NA	NA	NA	NA	NA	NA	2023-11-01
85.01	50.1	31	31.44	31	48.75	118.66	148.04	184.15	160	136.04	128.74	115.87	NA	127.42	136.63	153.63	156.02	155.26	NA	NA	113.48	85.01	57.0418	2023-11-02
15.17313	11.47343	10	8	9.73288	23.6	70.3	115.54	120.98	NA	NA	NA	NA	NA	NA	NA	116.13	128.73	NA	NA	115.54	NA	98.7	70.1	2023-11-03
84.63	32.05995	30	22.0086	20	30	88.35	118.94	124.35	113.76	70.55	20	NA	NA	30.79473	47.28	126.74	129.73	131.56	133.38	129.73	100	103.08	68	2023-11-04
113.2	103	53.4	40	31	32.15	92.12	98.94	31.51	NA	NA	NA	NA	NA	NA	30	112.35	112.18	NA	120.41	117.15	117.15	117.15	111.55	2023-11-05
81.74	45	30	31	45	70.1	122.55	130	139.75	119.52	90.05	70.1	58.05296	66.98418	111.86	125.72	147.13	157.22	161.22	NA	NA	NA	NA	117.01	2023-11-06
111.8	89.56	80.1	80.1	80.1	101.2	125.11	135.1	144.17	135	129.78	122.88	114.41	117.83	128.39	135	150.35393	163.2	NA	NA	NA	NA	NA	118.79	2023-11-07
NA	116.17	110.1	110.1	110.1	NA	NA	NA	NA	NA	135.3	NA	109.62	116.87	128	133.7	144.01	NA	NA	NA	NA	NA	NA	NA	2023-11-08
NA	NA	NA	NA	NA	NA	132.5	153.16	163.1	155.53	130	128.16	121.75	123.53	130.14	134.01	148.72	NA	163.69	NA	140	130.89	127.39	116.4	2023-11-09
117.3	108.41	102.37	90.67	90.67	97.05	129.1	148.94	165.95	150.84	129.71	122	113.51	115.03	124.81	129.1	140.4	153.05	160.69	159.68	140	127.01	110	96.4	2023-11-10
NA	NA	NA	NA	NA	NA	117.16	118.12	121.33	NA	NA	NA	NA	NA	NA	116.54	120	127.97928	135.75514	142.73	120	115.9	114.52	114.45	2023-11-11
121.57	125	122	121.57	121.57	121.57	123.57	126.19	121.57	120	125	120.07	120	119.23	119.89	124.29	121.57	127.31735	128.71185	125.99	121.67	120	121.51	121.57	2023-11-12
127.84	127.41	127.41	120.64	118.81	117.64	120.64	133.60467	144.45847	129.55	NA	NA	NA	NA	123.62	129.55	134.9138	NA	150.31593	145.3	NA	125.5	119.22	114.5	2023-11-13
110.1	103.75	103.75	103.75	108.34	107	126.92	138.16	153.03	143.69	NA	NA	NA	121.84	NA	143.47	150.02	150.02	145.76	142.66	128.85	122.84	115.95	103.75	2023-11-14
104.52	97.29	90.87	84.45	95	104.01	111.97	128.4	132.26	128.4	113.4	108.3	95.55798	102.5	122.24	132.26	152.42	NA	NA	NA	NA	NA	NA	NA	2023-11-15
108.6	103.91	103.91	103.91	107.67	NA	NA	NA	173	149.1	133.04	131.34	125.85	130.16	137.56	156.17	NA	179.99	177.92	170	139.51	132.01	127.4	110.88	2023-11-16
106	100	96.9252	92.78875	95.7	103.2	126.73	139.82	141.9215	137.51	NA	NA	NA	NA	NA	135.92	155	167.92	166.92	163.56	144.02	134.44	127.26	119.37	2023-11-17
125.93	125.17	125	123.8	123.39	123.45	123.39	128.12	128.1	123.46	NA	NA	NA	110	123.32	123.5	132.55	NA	NA	NA	NA	133.56	126.8	124.43	2023-11-18
125	125.68	123.12	124.5	124.5	124.5	125	125	124.3	NA	NA	NA	NA	113	109.66	121.78	115.56	NA	128.18	NA	NA	125	123.37	123.21	2023-11-19
125.17	121.74	125.22	123.39	122.15	123.39	129.17	132.08465	150	143.32	131.17	128.11	124.69	126.12	131.47	146.72	150	164.8	156.17	155	133.81	131.47	128	123.39	2023-11-20
119.25	109.9	106.8	106.8	106.8	106.8	128.97	134.70569	140	140	135	NA	130.1	131.47	137.67	140.39315	142.18843	147.32	142.08073	140	132.8	131.46	126.15	114.56	2023-11-21
120.82	116.5	110.83	107.8	111.7	123.41	136.03	157.81	169	154.19	137.49	131.7	130	130.31	132.73	140	150.37	165	145.61	147.99	134.1	131.08	130	123.7	2023-11-22
121.83	107.19	108.52	105.55	105.45	104.9	128.82	140	151.25	136.48	130.7	125.26	118	122.96	130.19	137	158.91	167.3	165	166.82	150	142.3	134	131.93	2023-11-23
121.97	118	116.91	116.91	115.76	122.93	134.8	150	170	148.49	131.73	129.36	120.36	122.95	130.09	132.42	144.6	158.79	143.04	141.22	131.93	130.2	128.28	123.83	2023-11-24
121.3	116.4	116	115.89	113.6	113.8	120.5	126.67	128.17	NA	NA	NA	NA	NA	NA	NA	130.26	152.86	165	170	150	130.07	126.6	126.54	2023-11-25
118.5	124.03	124.03	124.03	124.05	127	126.62	133.22	140	138	133.22	131.92	131.18	129.29	131.37	133.22	141.22	147.2	159.02	164	159.5	140	133.22	129.83	2023-11-26
123.47	118.67	117.84	114.9	115.4	123.55	134.4	141.67	157.16	153.42	140.43	NA	135.2	NA	NA	NA	161.1	163.68	150.15	148	136.06	132.73	129.1	120	2023-11-27
116.35	112.24	106.06	NA	NA	NA	NA	143.19	NA	NA	NA	NA	NA	NA	NA	NA	NA	NA	177	161.98562	143.83	135	128.5	118.4	2023-11-28
105.5	100	97.88	103.17	101.46	113.82	125.87	139.6	160.51	146.47425	133.93578	NA	NA	NA	146.95147	168	200	235.74	231	200	161	139.01	128.5	123.79	2023-11-29
121.53	115.02	108.94	107.16	107.16	114.39	NA	NA	NA	NA	NA	NA	NA	NA	NA	NA	NA	NA	NA	NA	NA	NA	NA	NA	2023-11-30
NA	NA	NA	NA	NA	NA	NA	NA	NA	NA	NA	NA	NA	NA	NA	NA	NA	200	NA	165	139.98	125	118	108.06583	2023-12-01
107.5	NA	NA	NA	NA	98.49095	103.16144	115.29	120.37	NA	NA	NA	NA	NA	NA	NA	129.79	138.19	135.09613	128.27	122.63467	116.83	112.78	110	2023-12-02
109.7	105.7	103.39367	101.22734	105.08	110.08	116.6	121.06	119.88	116.11	109.69	108.9	107	100	105.68	115	122.2	127.89743	129.05	131.71	125.03	123.75	117.29	113.4	2023-12-03
112.41	110.67	111.93	111.93	111.93	116.95	128.1	141.52526	162.9	160	137.25	135.42	130.58	134.94	140.11	148.63	168	173.09896	161.38	151.56	134.19	131	127.86	121.24	2023-12-04
114.71	110.93	106.61	105.31	105.19	111.93	121.63	131.93	160.26	164.2	156.01172	146.02242	139.44	140	141.48709	142.19214	160	159.49	147.47	141.56	128.63	126.8	124.15	115.4	2023-12-05
NA	NA	NA	NA	NA	NA	120.96	133.6098	167	NA	NA	140	NA	131.37	137.25369	143.99	164	178.07495	165.27925	149.92676	129.90716	127.72	123	117.12	2023-12-06
107.8	101.4	98.2	95.45	93.5	98.2	121.1	131	150	137.70142	125.5	123.49695	120	120.19	124	129	138.26	NA	NA	NA	126.61	NA	121.73	115.85	2023-12-07
117.56	113	110.8	110	111.29	109.8	114	116.61423	120.13051	121.48191	119.99908	120.35	120.29	119	119.57	123.37	123.37	133.07	130.05	136.5	127.81	122.41	119	113	2023-12-08
109.19	100	92.72	89.74	90	92.72	111.84	115.59	126	124.23	115.59	115.59	114.81	114.75	115.59	125	124	150	150	NA	147.81	129.53	116	114.31	2023-12-09
111.92	97.23	86.93	83.46	81.76	86.64	92.72	92.72	93.71	99.5	92.72	93.71	99.57	NA	92.51	100	110.45	117.73	127.45	135	131.23	117.23	115	106.97	2023-12-10
113.79	111.53	109.9	108.97	94.3	98.5	121.05	126.39	146.64	145.5	129.99	121.21	117.29	119.76	124.99	128.67	138.18	142.05	135.14	130.09	119.39	117.87	110.93	94.3	2023-12-11
91.05	87.05912	85.61674	84.42414	85.34168	97.46	115	130.06	155.59	140	129.99	124.51489	120	122.99723	126.61	137.73	156.45	154.25	140.53	137.01	NA	117.01	113.22	96.86	2023-12-12
90	87.1	80	80.32	85	89.46	108.4	116.75122	125.74	122.0013	115.33	NA	NA	114	117.5	123.11	135.07	136.99	129.14	125	115.33	115	107.59	98.12	2023-12-13
99.43	94.9	92.5	94	94.9	104.6	113.07	127.26	156.62	151.7	149.55	128.51	115.6	116.5	118.08	126	141	140.32	135.52	130	114.82	113.81	108.5	100	2023-12-14
92.5	89.3	89.3	89.3	89.12	88.95	108.5	123.11	138.61	125	NA	NA	NA	NA	NA	NA	122.00092	NA	NA	NA	NA	109.26	92.8	83.19	2023-12-15
86.59	84.35	70.35	66.9	54.1	55.6421	78.71	NA	NA	NA	NA	NA	NA	NA	NA	NA	NA	NA	NA	NA	NA	102.52	99.79	98.24	2023-12-16
102.94	102.48	100.35	99.13	98.55	98.58	100.76	100.89	101.33	99.97	97.46	97.46	99.96	100.33	103.12	110.94	122.00879	NA	NA	NA	120	109.06	100.59	100.56	2023-12-17
99.94	100	100.03	99.82	99.54	96.96	108.15	110.25	114.05	108.57	103.2	99.46	92.83	98	105.5	118.98	NA	NA	NA	NA	NA	110	108.33	105.8	2023-12-18
91.55	88.88	86.5	87	88	92.85	107.56	112.28	122.00863	114.69	105.8	99.58	92.25	94.1	106.16	116.69	141.2	NA	NA	NA	NA	NA	106.92	101.43	2023-12-19
99.54	96.9	89.9	89.06	89.35	99.47	111.43	160	165	155	134	118.15	107.48	107.48	114.94	125	145	145.05	140.5	140.5	127.9	113.16	105	100	2023-12-20
89.51	87.15996	78.81	74	77.99996	88	109.44	118.61	NA	NA	NA	NA	NA	NA	NA	NA	135	138.63	126.69	120.5	NA	107.6	87.5	59.19933	2023-12-21
NA	NA	NA	NA	NA	NA	101.53	120.46	135	NA	NA	NA	NA	NA	108.91	115.86	NA	138.62	NA	NA	NA	NA	109	96	2023-12-22
102	NA	NA	NA	NA	NA	104	107	109.78	107.81	NA	NA	NA	NA	NA	107.44	NA	NA	NA	NA	NA	106.44	103.06	99	2023-12-23
106.06	105	100	95.49982	99	104.19	105	105	107.4	106.92	99.63	100	NA	NA	NA	115.26	140	149.72	153.7	157	154.12	149.72	139.76	123.22	2023-12-24
106.25	104.22	103	102.66	101.24	104.19	107.15	110	114.07	111.39	108.84	108.12	107.5	101.42	107.47	110.67	130	136.07	140	140.65	143.7	137	135	113.71	2023-12-25
107.4	105.93	103	100	100	104.19	105.31	107.01	110	109.33	107.45	107.25	107.05	104.19	107.37	110.51	135.28	141.53	146	154.61	152.65	141.53	135.28	111.49	2023-12-26
111.05	109.02	107.43	107.43	108.44	113.02	137.39	148.5	157.38	155	144.5	137.39	121.97	120.3	137.39	140	150.45	157.47	155	157.53	150.45	147.6	130.28	109.02	2023-12-27
100	88.5	84.24	80	83.01	88.96	NA	NA	NA	112	97.67	95.88	93.12	93.58	98.17	108.61	NA	NA	NA	NA	NA	NA	NA	NA	2023-12-28
112.52	109.62	108	108	108	110.54	110.65	120	132.02	NA	NA	NA	NA	NA	114.93	121.33	135.54	145	144.57	144.37	132.02	115.25	113.54	109.62	2023-12-29
105.78	104.73	100	93.65	95	103.99477	106.93	108.62	111.39	112.48	108.75	107.68	106	106.93	108.76	109.46	115	132	134.99	136.07	125.34579	113.29	110	108.62	2023-12-30
109.12	107.06	105.45	100	95	104	106.94	107.94	108.96	113.8	108.96	109.03	108.62	107.26	107.94	108.62	117.19823	132	135	136.07	130	117.23116	108.96	106.12	2023-12-31
107.09	104	100	85.66	85	85.53	95.07	104.07	106.95	107.08	104	98.13	101.55	98.16	98.17	105.54	110	120.04	131.5	132	127.75	113.48	109.18	107.2	2024-01-01
105.49	90.09	84.27	84.27	84.27	100	108.28	113.85	126.9	119.5	110.6	108.28	105.88	100.15	108.28	110	112.8	129.99	130	124.29	111.26	108.28	106	92.41	2024-01-02
82.5	70.1	50.21346	40	50	75	95.46	108.28	NA	NA	NA	NA	NA	NA	NA	NA	NA	115.81	115.81	115.81	109	106	101.46	82.59	2024-01-03
74.19	65	40	35.19694	49.39	70.1	97.61	106.51	NA	NA	NA	NA	NA	NA	92.11054	103.34	NA	NA	NA	NA	NA	NA	105.59	97.98	2024-01-04
86.07515	88.9598	78.5	78.5	79.39	79.6	103.46	111.19	115	120.4	114.72	NA	NA	NA	NA	NA	NA	NA	NA	NA	NA	110	104.84	86.8	2024-01-05
97.5	97.67	93	93	89.7	89.47	91.96	96.75	94.66	100.5	103.46	103	103.46	100.5	100.25	103	NA	NA	NA	NA	NA	110.06	103	88.5	2024-01-06
96.85	96.58	93.8	93.8	85.93	84.3	85	102.27	100.55	101.19	96	96	95.65	88	84.34138	88.32	97.95	NA	NA	NA	NA	109	102.47	93.8	2024-01-07
87.6	85.28	85.28	90.79	93.8	90.79	107.46	114.18	125.5	123	115.38	112.22	108.55	108.3	110.97	115.2	122.00169	130.1	129.99382	122.0095	114.18	107.46	102.9	91.75	2024-01-08
87.5315	86.18151	85.00494	84.08453	84.97701	89.34054	106.76125	117.98	NA	NA	112.1	104.97006	100.37	100.82	110	116.55	127.36267	137.35078	137.00435	130.05	117.67376	NA	105.61	103.46	2024-01-09
97.97	92.9	91.29	92.2	91.29	99.5	108.96	120	139.2	130.38739	117.46942	109.13	104.2	106.54	110.2	119.7728	133.13612	143.78766	140	132.15399	120	109.13	105.37	103.62	2024-01-10
91.74873	88.6	87.24772	82.38093	83.61	90.35	103.1	116.89149	NA	129.16361	113.65	106.48	99.38404	99	105.98	113.71016	120	128.75	136.72	132.31	117.93	107.19	105.98	99	2024-01-11
101.46	95.64	91.2	89.9	88.59	94.76	112.82	129	140.73851	134.96004	NA	NA	NA	NA	NA	110	120	127.5	126	NA	NA	107	105	95.49	2024-01-12
92.8	87.7	87.08	85.59	83.4	83.9	95.52	104.93	107.63	104.93	101	88.40127	84.85	83.4	92.23	101.59	107.92	NA	NA	NA	NA	105	101.96	95.52	2024-01-13
103	100.65	99.83	96.79	96.25	95.25	103.43	104.73	108.06	108.06	103	103	101.88	96.04	100	104.74	105	111	117	120	115.14	108.23	101.51	97.9	2024-01-14
85.5	83.4	84.1	83.4	83.4	84.89984	102.52	110.03	122.00208	119.59	106.21	NA	NA	NA	99.7	NA	110	116.13	115	113.9	107.58229	104.31	101.68	91.39	2024-01-15
86.58831	83.34	84.1	84.7	84.7	90	103.76848	117	NA	NA	NA	NA	NA	NA	NA	NA	122.05	133	NA	121.05	NA	105	NA	NA	2024-01-16
86.75	85.5	82.4	80	82.4	85.9	98.9	104.18	NA	NA	NA	NA	NA	NA	NA	NA	115	125.4	120	113.68582	104.23	NA	NA	NA	2024-01-17
84	81.6	78	78	75.95604	81.37145	99	112.70957	125	NA	NA	NA	NA	NA	NA	NA	NA	NA	110	109.71	103.32	100	91.47	84.08	2024-01-18
72.13	70	NA	66.4	69.16	74.8	90.83	98.64	117.68	110	NA	NA	NA	93.09	95.63	99.05	101.36	107.67	107.17	106.95	99.03	98.49	96	92.9	2024-01-19
93.5	85.4	77.75	76.93	76.93	76.93	87.37	96.07	100	99	95.92	92.49	82.88	77.75	78.65	90.84993	96.07	105	105	105.6	98.52	92.91	81.23	76.93	2024-01-20
84.4	82.2	75.03	69	70	69	73	90	93.59	89.34	NA	NA	NA	NA	65.1	88.38	95	98.81405	101.87	105.1	105.1	102.41	97.75	95	2024-01-21
84.4	82.2	77.9	77.9	82.49	95.68	106	114.5	131.8	114	99.83	97.73	94.5	95	99.46	113.41	122.00407	131.8	119.75	114.5	108.63	99.83	97.46612	90.01	2024-01-22
75.9	72	65.1	65.1	70.33	79.32	95.13	104.11	122.00354	105	96.45	90	NA	NA	NA	NA	100.13	105.98	103.04	101.61	99.46	97.66	94.1	89.44	2024-01-23
76.4	69	65.7	65.3	66.85	79	97.01	122.0061	128	107.52	98.3	95.25	83.22628	84.96989	95.25	101	111.88	125.53	123.54	119.27	105.04	101.94	97.09	94	2024-01-24
80.34	72.23	69.6	66.9	69.75987	80	96.19	106.13	124.23	106.3	NA	NA	NA	NA	NA	NA	108.56	126.56	122.00018	120	106.13	99.89	96.82	95.68	2024-01-25
93.8	88.89	85.8	83	85	90.01	99.3	120.05	135	120.05	100.31	NA	86.44	87.52317	95.01	101.6558	117.45	128	119.99	115	101.24552	98.57	95.48	94.05	2024-01-26
97.29	93.27	90.46	86.44	85.7	86.44	95.21	104.94	114.2	104.23	95	85	70.57	70.19	71.95	78.34	96.33	101.94	105.78	105.33	98.61	97.29	90.78	84	2024-01-27
75.11	73.27	70.46	66.44	61.93	61.82058	70.4	75.19	90	89.37	65	49.98986	50	NA	67.08	77.30454	88.28622	NA	NA	NA	NA	NA	90.93	75.11	2024-01-28
75.11	68.11	70.46	66.44	62.77	78.8	96.78	103.14	126.2	105	98.61	NA	90.11	90.5	96	NA	109.78	126.3	120.69	113.28	NA	99	96.21	92.52	2024-01-29
84.7	83.03	78.34	79.91	83.03	83.78	97.8	107.61	127.01	110.16	100	95.5	84	84	94.52	100	110	124.34	123.69	118.14	108.14343	102.02	98	96.78	2024-01-30
95.2	95.2	85.52	89.81	91.03	95.13	103.37	111.76	123.39974	115.63	99.38	94.73	80.5	79.99	89.5	97.53	103.58	116.52	115	NA	NA	101.37	99.38	96.2	2024-01-31
94	87.32	83.68	79.56	83.8	91.8	99.47	107.68107	119.02	103.18	98.7	97.28	94.33	90.79	97.53	99.02	102.56	110.49	119	121	110.66907	105.18	99.48	98	2024-02-01
101	100.05	99.82	98.9	94.52	99.82	105	135	150	119.19	NA	NA	NA	NA	NA	NA	106.41	118.59	121.52	120	109	100.96	99.82	90.95	2024-02-02
91.09	88.25	82.99992	76.5	76.5	78.7	98.09	103.17	105	100	94.18	75.72	65.29	65.05	59.97	74	97.3	NA	NA	NA	104.33	NA	94.53	85.1	2024-02-03
85.85	85	77.13	71.01	70	66.36	77.13	86.15	95.5	84.5	60	48.12	45	55.27	67.3	85	97	101.68	NA	NA	NA	100	97.15	85	2024-02-04
80.93	79.7	70.27	70.3	70	74.37	100.58	110	120	NA	NA	NA	NA	NA	NA	98.23	105.21	110.57	116	111.38	100.87	100	97.49	90	2024-02-05
83.85	78.5	72.6	72.25	73.08	83.03	99.36	107.52	114.93	108.97	NA	NA	NA	NA	92.5	98.42	105	114.42	120	117	109.32	101.1	98	91.72	2024-02-06
90.27	86.25	85.76	85.96	85.96	87.18	99.99	NA	NA	NA	NA	NA	NA	NA	NA	NA	115	131.48	140	131.48	117.55	100.43	97	96.55	2024-02-07
77.17	73.20403	72.1527	70.25072	70.81	76.5	96.1	106.82	125.94	NA	NA	NA	NA	NA	89.23195	95.34501	100	114	127.39	120.37	105	98	94.49	83.37	2024-02-08
85.27	75.05	73.84	71.5899	71.73	76.73	95.76	101	109.2	102.52	NA	NA	NA	NA	NA	98	103.58	101.21	110.11	102.35	98.1	96.6	86.07	77.1	2024-02-09
91.1	81.9	71.13	64.38763	64.41364	65.81881	78	95.07	97	96.98	NA	85.84	81.4	70	69.53398	79.9	85.32	95.22	97.97	99.2	95.93	90	72.2	65.29	2024-02-10
60.48477	55.65679	52.60093	46.82558	43.4016	46.12373	49.21814	65	70	73.84	74.5	NA	NA	NA	NA	NA	83.91	92.18	95.29	97.4	95.69	94.61	86	70	2024-02-11
64.34652	61.87346	61.00578	59.75026	59.2127	65	94.06	101.76	117.76	NA	101.22	NA	93.43	93.43	95.19	101.14	110	112.95	117.17	115.71	110	101.24	97	93.43	2024-02-12
90	84.58	83	82.12	84.69	89	95	100.66	122.8	102.92	92.94	85	65	63.8	72.65	NA	93.93	99.3351	104.46	98.1288	NA	93.43	85	76	2024-02-13
71.95	64.58	60.96	58.9	58.9	68.77825	92.06	102.93	111.81	NA	NA	NA	NA	NA	NA	NA	103.93	129.34	127.93	128.13	111	98.07	92.77	92	2024-02-14
80.6	72.19	70.95	70.95	70.95	78.27	91.42	110	NA	NA	91.58	85	72.53	75	83.46	NA	98	112.85	115	118.7	104.08	91.78	91.28	89	2024-02-15
87.32	81.62	79.9	78.32	78.32	82.86	89.93	99.07	110.27	97.79	89.21	84.21	75.72	75.72	84.21	88.99	94	101.13	109.7	110	97.2	NA	90	88.88	2024-02-16
88.38	88	80.2	75.82	79.73	80	90	102.25	100	90.48	84	67.74	61.6	55.29	59.09376	68	88.45	102.62	119.7	120	111.97	100	90	88.73	2024-02-17
90	88.48	85.92	80.2	77.69	84.51	86.92	87.17	86.63	81	70	70	70	64.41	59.59	52.56531	80.76	92	105.67	113.77	106.25	96.96	91.57	88	2024-02-18
85	77.33	70	61.86	59.5	77.9	91	98.57	114.56	105	92.57	88.88	80	81.54	88.88	91.13	96.88	109.2	116.5	118.77	103.28	91.66	88.82	85	2024-02-19
79.3	69.49984	57.16	57.16	59.89993	78.55617	89	97.3	110.57998	95.35	88.88	80.2	72.5	70.87	79.14991	87	91.66	99.49993	110.47	105	94	89	86.08	80.13	2024-02-20
75.04	66.8	60	60.74981	70.87	81.44	90	100	103.95	90	84.91	62.9	53.00768	54.1	71.84	86.1	89.55	104	118.61	116.25642	NA	90	88.36	86.84	2024-02-21
NA	NA	NA	NA	73.23	80.97	90	NA	NA	NA	NA	NA	NA	NA	NA	NA	90.68	95.78	103.34	97.61	88.42	85.68	81.1	70.6	2024-02-22
60.59	52.31	46	46	49.99	55.4	83.12	91.76	100.23	NA	NA	NA	NA	NA	NA	86.77	90	92.08	103.68	101.63	91.76	85.73	73.89	65.1	2024-02-23
66.46545	63.9	59.5	55.2	55.39	60.37	75.1	86	NA	NA	NA	NA	NA	NA	NA	NA	79.46	86.26	103.72	108.63	93.49	86.14	80.95	71.01	2024-02-24
75.1	66.62	69.83	65.9	63.89	66.61	66.62	71	66.62	66.62	69.91	68.96	72.79	66.61	58.54	66.61	66.85613	82.77	90.44681	95	91.78	82.96	75.1	66.61	2024-02-25
61.59	59.19	65	65	67.99	64.84	83.52	NA	NA	NA	NA	NA	82.85	NA	NA	NA	NA	93	94.76	95	88.72	84.1	81.46	73.57	2024-02-26
73.52	69	69	69	69	69.41	83.18	91.24995	98	95.12	NA	NA	NA	NA	NA	NA	NA	97.5	110.25781	105.17	90.63	84.72	82.39	77.7	2024-02-27
73.21	70.33	68.19	67.4	67.4	70.47356	87.02	96.55527	NA	NA	NA	NA	NA	NA	NA	NA	NA	92.66	98.02255	96.15	88.82	85.75	82.66	68.2	2024-02-28
72.2	62.45	60	58.60895	62.03	72.2	85.18	90	NA	93.87	89	NA	83.62	83.59	85.31	89	95	102.64	108.07	106.1	95.94	94	90	85.46	2024-02-29
87.49	84	79.1	75.1	77.42	87.91	93.27	98.36	114.99	109.1	101	97.7	90	89.49	90.91	95.12	100.36	103.77	112.4	112.1	100.36	95.04	90	87.84	2024-03-01
85.38	79.4	74.97762	76.3	76.3	80	89.98	93.04	93.22	90.13	85.13	75.9	71.03	66.68	70	67.82	80	90.9	112.4	117.08	100.36	90.04	84.13	77	2024-03-02
79.5	77.1	79	76.1	76.1	76.92	78.38	77	70.31	63.95	65.13	60.53483	51.03	58.38	46.83831	66.24	70	82.38	92.4	95	91.24	89.5	82	74	2024-03-03
73.67179	73.2	73.3	73.3	70.7	70.8349	87.5	96.67379	102.97205	98.66	NA	91.53	87.34	86.28	89.87	91.02	93.63	97.34	105.18452	108	99	94.07	91.2	89.87	2024-03-04
79.15	76.5	72.46	72.46	72.46	78.1	89.74	NA	NA	NA	NA	NA	NA	NA	NA	NA	95	101.47	124.9	125.69	104.28577	92.22	90.24	85	2024-03-05
85	78.35	74.22	74.45	75.43	81.9	96.55	106.92	NA	NA	NA	NA	NA	NA	NA	NA	93.89	101.26	122.02	122.46	102.11	99.88	91.35	89.73	2024-03-06
83	76.89	76	76.89	76.89	87.1	103.31	NA	108.59	99.21	91.17	84.67	78.42	78.7	84.5	92.62	100.41	103.59	131.21	137.47	118.46	103.94	99.62	97	2024-03-07
89.98	83.1	81.33	82.42	83.1	90	103.48	110	128.28	104.28	98.15	95	88	88.8	96.76	98.38	104.44	105.53	122.43	123.43	NA	99.69	97.5	94.01	2024-03-08
93.12	90	85	82.1	82	84.3	93	97.01	101.16	99.16	95	90.52	81	71.4	72.24	75	90	NA	115	120.94	101.08	95.55	NA	90	2024-03-09
84.38	85	82.1	88.88	89	89	85	88	85	70.7	64.12	NA	NA	NA	NA	45.81	77.93	NA	NA	NA	NA	NA	NA	89.24	2024-03-10
83.85	92	91.27	88.11	84.78	82.34	NA	NA	117.53	98.02	95	NA	NA	NA	NA	NA	97.99	100	120	124.16	110.64	96.7	95.36	89.99	2024-03-11
80	76.14	72.3	71.95	71.2	76.3	93.57	95.09976	100.40362	93.57	NA	NA	NA	NA	NA	NA	NA	NA	122.39697	119.53231	102	95	93.57	90.08	2024-03-12
86.47	77.14	76.41	76.41	77	89	100	108.65	108.65	94	85.87	71.9	70.21	70	80.23	89	92	115	119.76	122.04	105.25	95.27	92.89	91.81	2024-03-13
91.83	90.66	89.44	88.05	89	91.07	115.66	116.44	NA	100	89.01	82.94	74.16	75.66	83	89.69	NA	NA	NA	120.63	NA	NA	91.07	90.56	2024-03-14
90	78.23	74.2	74.25	76	85	95.66	99.98	105	98.6	89.98	86.14	NA	76.5	84.37	90	92.87	97.14	103.48	107	NA	94.1	90.05	89.3	2024-03-15
90.43	85.23	80.84	79.81	80	82.54	90.43	94.86	94.11	90	67.97	NA	NA	NA	NA	NA	74.27763	NA	NA	NA	NA	98.6	92.74	90.36	2024-03-16
NA	90	84.8	82.1	83.63	85	85	87.97	75	54	39.2	34.78	37.7121	29.35609	40	NA	70.82	95	105	NA	NA	NA	NA	NA	2024-03-17
82.1	75.7	72.07	69.77	63.07	68.4	95.6	100.57	110	101.78	94.7	NA	NA	NA	NA	96.7	102.67	102.83	113.91	125.16	107.46	97	94.7	92.92	2024-03-18
90.94	82.5	82.1	85.3	92	94.6	103.87	109.88868	108.41	97.99	89.03	78.9	64.13	65	75.25	80.29	94.46	102.02	124.7	128.96006	110	98.23	94.77	94.46	2024-03-19
91.46	85.1	84.5	85.1	85.1	94.62	107.06988	120	105	102.65	95.19	NA	NA	74	NA	94.18	99.19	117.02	145	156.39	125.35735	105.79	100.9	98.22	2024-03-20
95.8	90	85	85.1	85.1	95	105	115	115	99.49	92.28	83.1	76.82649	70.38	85.1	91.65	95.6	99.89	121.89	122.00578	104.89	97.5	95	91.5	2024-03-21
92.01	88.1	87.13	87.44	88.1	92.5	101.68	105	109	97.17	92.01	NA	NA	NA	NA	92.01	95.21	100.96	110.85908	113.4657	103.74	98.16	95.78	94.34	2024-03-22
95.05	93.5	94.06	94.39	95.08	96.25	97.25	95	90	81.69	NA	NA	NA	NA	NA	NA	NA	80	102.02	109	97	93.79	87	80	2024-03-23
84	78.02881	75	63	71.35	75	75	NA	NA	NA	NA	NA	NA	NA	NA	NA	NA	NA	NA	95.47	95	94.84	91.66	80	2024-03-24
91	90	90	90	90	93.85	106.42	115	110	97.73	93.64	87.1	69.68	78	93	96.78	100.52	106.18	130	145	113.11	100.36	94.5	90.34	2024-03-25
83.95	79.5	79.15	82.29	83.22	89.26	96	109.67	NA	118.36	NA	NA	98	NA	NA	NA	104.12	101.9	108.36	114.77	104.13	98.67	94.93	90	2024-03-26
90.1	80.56	78.9	78.9	78.9	88	98	110.54	121	NA	NA	NA	NA	NA	NA	NA	NA	NA	NA	NA	103.05	98.73	90.1	78.9	2024-03-27
78.35	75.85	78.35	78.35	74.93	NA	NA	NA	NA	NA	NA	NA	NA	NA	NA	NA	NA	100	111.68	115.63	110	100.85	92.33	85	2024-03-28
74.83	70	73.59	72.4	71.49	79.8	98.7	103.23	106	100.28	NA	NA	NA	NA	NA	NA	98.8	100.63	110	116.29	110.05	100.63	96.05	89.46	2024-03-29
97.91	97.84	97.91	95	95	97.84	95.84	98.49	95	80	NA	NA	NA	NA	NA	NA	68	91.46	95	101.98	99.09	95	95	89.45	2024-03-30
93.77	95	95.24	95	95.46	95.52	96.38	96.38	94.07	91.02	NA	NA	NA	NA	NA	59	95.52	102.94	124.02	134.9	127.34	111.2	99.44	NA	2024-03-31
90.84	90	87.67	85.67	87.26	85.61	87.61	87.67	86.55	87.07	NA	NA	NA	NA	NA	NA	NA	NA	NA	NA	NA	80.18	NA	77.9	2024-04-01
65.29	65.86	60	46.13	50	69.95	87.6	95	102.92	94.37	87.1	NA	NA	NA	NA	NA	68.27	82.55	101.56	120	119.17	102	90.11	87.86	2024-04-02
85.54	73.79	71.7	72.45	78.83	87.43	106.44	125	NA	NA	NA	NA	86.96	NA	NA	NA	87.43	90.1	101.46029	125	113.62	95	90	87.2	2024-04-03
68.1	60	56.91	57.72	61.95	70.59	87.86	94.75	NA	NA	81.65	69	51.92593	NA	NA	69.18	78	84.18	92.7	110	101.03	92.7	88.06	87	2024-04-04
77.46	70.7	69.25	68.42	67.8	77.3	88.71	95	104.3	87.58	79.3	65.23	50	50	54.75	61.97	75.7	84.45	91.31	105.42	NA	NA	86.52	NA	2024-04-05
83.74	83.55	82.8	81.46	NA	82.1	84.51	89.46	83.68	71.07	50	54.52	60	45.5	36.44	29.6	39	64.77	NA	NA	NA	NA	NA	83.55	2024-04-06
83.5	80.46	78.7	72.44	70.1	70.1	75	69.46	63.68	75.61	37	30	7.01	0.1	1	4.54	37	62.1	87	98.69	100.85	85.85	85.48	80.46	2024-04-07
69.74	65.27404	62.40925	64.18852	67.66	74.94	90.1	121.8	112.99	88.73	75.6	59.45	NA	NA	46.8	57.9	NA	80.46	92.54	121.75	120	97.88	90	86.23	2024-04-08
NA	69.5	63.87	64.28	63.5	73.24	89.09	102	117.76	90.1	86.23	76.4	53	50	53	61	78.71	80.7	90	105.13	104.22	90	85.02	78.34	2024-04-09
71.9	63.22	58.55	55.4	56.5	61.68	87.87	107.55	125	NA	NA	NA	NA	NA	NA	NA	NA	NA	93.98023	134.84	134.22	106.48344	90.1	86.35	2024-04-10
80	79.08	70	70	67.3	75.29	92.55	118	126	95.46	84.92	67.3	31	30	35.85	45	50.15014	71.99	88.81	119.97086	126	94.98	89.39	85	2024-04-11
76.27	65.2	61.1	60.00063	63.73	72.76403	94.89	119.33	127.1	90.1	70.74	40	33.13	24.88	32.8	38.17	39.16	69.74	91.1	125.6	130.2	98.51	90.74	88	2024-04-12
90.65	85.98	71.1	70.83	71	72.02	85.58	91.69	90.65	74.86	36.99	42	26	15	26	30.89	35	64.87	93.83	100.02	100.29	NA	NA	88.83	2024-04-13
92.99	90	92	82.08	74.55	71.55	94.65	95.95	94.9	94.65	36	15	9.65	8	8	9.65	38.15	94.65	109.15	135	135.2	120	NA	NA	2024-04-14
86	76.61431	73.80053	75.3	71.84166	82.49634	106.99	145.95	143.13432	103.72	94.62	82.37	69.5	61.04	70	75	84.99994	90.1	96.64	127.6	126.23	102.41	95	87.74	2024-04-15
73.89	48.75975	55	55	55.80689	62.71997	95	106.36	120.43	96.58	75	NA	NA	NA	NA	NA	NA	NA	94.97	113.65	122.52	98.76	93	80.4	2024-04-16
90	90	90	90	89.67	90.1	109.81	140	131.61	108.04	NA	NA	NA	NA	NA	NA	NA	NA	108.34	146.1	151.62	125	106.9	100.9	2024-04-17
93.57	87.1	86.48	87.76	88	99.76	120.66	155	152.85	NA	NA	NA	NA	NA	NA	NA	NA	105.9	108.23	146.21	151.12	129.95	107	104.99	2024-04-18
90.49	90.09	84.92	79.5	75.73	79.76	106.11	119.28	115.06	105	90.1	83.5	NA	NA	NA	NA	NA	74.21	96.09	119.4	125.18	106.64	102.99	96.23	2024-04-19
100.43	95.26	90	91.08	90.1	97	101.74	109.29	110.07	NA	NA	NA	NA	NA	NA	NA	NA	NA	108.13	128.6	118.07	108.09	101.46	100.43	2024-04-20
102.47	102.43	102.4	102.27	102.27	100.43	102.27	102.3	90	85	20	9.65	9.65	4	5	NA	86.45	100.43	105.11	120	NA	NA	NA	100	2024-04-21
101.14	93.99	93.99	90.1	90.1	90.1	106.06	130.05811	140.2	133	NA	NA	NA	NA	NA	NA	NA	106.06	115.23128	151.04	162.54687	132	106.34	109.08	2024-04-22
99.4	100	90.23	90.1	90.1	99.02	118.8	146.48	138.18	130	NA	NA	NA	NA	NA	NA	NA	NA	105.35	126.92	133.36	112.81	101.5	99.02	2024-04-23
88.75	90.1	84.1	88	86.03	90.1	105.46	125.86935	120	105.39	100	NA	NA	NA	NA	NA	NA	NA	NA	140	145.43	120	105.46	98.81	2024-04-24
96.61	96.84	100	103.37	105.05	105.05	105	106.9	105.05	92.8	NA	NA	NA	NA	NA	NA	73.31	94.59	105	134.1	150	142	136.1	106.09	2024-04-25
98.08	96.53	85.45	85	85	94	102.74	145	156	155	140.2	131.19	103.03	100.09	106.52	131.19	144	150	140	144	NA	121.79	105	97.81	2024-04-26
97.2	96.09	90.1	90.1	90.1	93.09	98.6	105	117.73	106	99.91	97.09	93.53	84.57	NA	NA	97.2	101.28	105	120	NA	NA	NA	94.1	2024-04-27
NA	NA	NA	NA	90.6	94	96.47	96.95	100.09	96.47	NA	NA	NA	NA	NA	NA	NA	96.95	97.21	104.48	107.2	NA	96.47	91	2024-04-28
82.15	77.7	76.12	79	75.64	82	98.48552	108.12433	101.1	99.39	91	77.7	NA	NA	NA	NA	NA	85.77	98.86	124.26	133.6	107.38	97	96	2024-04-29
89	82.17	80.55	77	77.76	83.81	96.9	101.7096	101.3	93.68	84	73.05	54.28	48.33	55.32	56.17	73.78	84.45	96.42	115	124.04	100	95.46	89	2024-04-30
92.85	87	82.24	87	91.94	90.1	88	85.5	88	90	92.85	93.22	NA	80.49	NA	77.91	90.1	93.22	95	96.38	NA	93.46	94.76	88	2024-05-01
72.85	71.1	77	77	78.9	84.58387	95	107.03	109.51	108.73	NA	NA	NA	NA	NA	NA	NA	NA	100	115	127.29	108.26	99.5	90.1	2024-05-02
77.09	73.13	65	71.63	58.9	67.59	90.1	94.77	NA	NA	NA	NA	NA	NA	NA	NA	NA	78.13	92.2	NA	114.0476	105	97.15	93.2	2024-05-03
92.99	86.08	81.49934	82.12	84.0633	81.2	86.4	92.99	93.06	85	55	62.5	60	50.98	NA	31.2	32.08155	71.59289	91.91	NA	NA	NA	100	NA	2024-05-04
84.93241	80.44424	79.09	75.4	70	67.5861	70	75.4	73.06	65	25	24.78	30	10.12	10	31	49.87	70	95	NA	NA	NA	NA	92.99	2024-05-05
84.93	78.7	77.36	77.14701	78.77685	90.1	104.72	125.32204	125.52	117.21	104.24	103.51	98.18	98.18	100	99.4	103.51	103.87	110.85	NA	NA	118	104.36	98.65	2024-05-06
102.09	98.92	90.5	90.1	90.1	98.92	102.38	120.34	140	139.84	114.17	105.69	100	98.53	100.61	101.12	102.09	102.09	107.19	134.93	NA	118	105	102.38	2024-05-07
100	93.8	94.97	90	86.04	93.6	104.5	110.78	116.45	108.02	101.99	92	80	80	89.21	96	98.5	99.1	103	NA	NA	111.46	102	99.97	2024-05-08
94.32	87.42	79.54	78.9	83.6	85.53	100.25	110	122.65	105	97.5	80	60	54.9	66.1	70	80	81.1	100	123.35	133.81	113.32	100	90.1	2024-05-09
84	76.58887	69.41005	70.59	70	83.36118	99.66	114.11	114.11	90.03	77.3	NA	46.9	25	43	35.0002	60	77.83876	96.92	123.32992	136.21	117.93544	100	97	2024-05-10
95	89	85	82.7	83.04	83.3	85	90.1	96.3	90	70	60	15	NA	NA	25	70	85	108	122	NA	NA	NA	NA	2024-05-11
NA	NA	NA	NA	NA	NA	94.5	94	90.1	94	50	16.9	9.65	5	2.06	10	65.63	77.55	94.5	107.93	NA	NA	NA	NA	2024-05-12
NA	NA	NA	NA	NA	NA	101.9999	115	113.68	105	95.85	92.03	74.42	75	85	90.44135	100.39	104.42	104.3	NA	NA	NA	NA	NA	2024-05-13
NA	NA	90	86.08	86.08	NA	112.50546	143	136.3	110	95	89.02187	76.57	73	82.35	89.01025	96.64	NA	104.93	138.67	147.33	NA	100.91	98.09	2024-05-14
91.26	90.1	88	86.10691	87	93.25	106.11	126	134.22	113.33	NA	NA	NA	NA	NA	88.35254	91.99996	NA	NA	132.66	NA	NA	NA	96	2024-05-15
97.37	88.52201	85.43	82.3972	83.46	85	98.5	127.26	130	104.06	98.5	90.1	NA	NA	NA	NA	NA	91.46	100.57	125.53	NA	119.26	NA	NA	2024-05-16
NA	NA	NA	NA	NA	NA	113.73	137.07314	130.23	103.32173	93.66	81.9	59.67	45.50101	54.47874	60.00892	76.2	NA	NA	131.6	NA	128.4	NA	NA	2024-05-17
101.01	96.1	91.83	87.44	87.44	90	94.29	97.73	96.88	81.82	78.22	90.1	78.96	61.73	64.48	75.61	93.46	93.25	NA	NA	NA	NA	NA	NA	2024-05-18
NA	92	85.15235	83.22058	82.22462	84	75.45	71.95042	80	76	69	90.73	85	70	70	63.65	90	85	98	NA	NA	NA	109	100	2024-05-19
NA	87.36	NA	81.67528	NA	NA	101.82	115.21	119.29	109.42	98.49	93.83	82.6	82.6	94.2	95	95.47	102.5	104.86	131	NA	NA	NA	NA	2024-05-20
NA	NA	78.78304	80.6	80.6	81.5	99.82	119.42	118.13	109.87	NA	NA	NA	NA	NA	NA	NA	92.74142	NA	NA	NA	NA	NA	NA	2024-05-21
NA	NA	NA	NA	NA	NA	NA	123.46	125.15	103.99	89.06	NA	NA	NA	NA	NA	90.33635	99.38	NA	NA	NA	NA	NA	NA	2024-05-22
NA	NA	NA	NA	NA	NA	NA	144.5	142.51	111.52	97.1	85	60	60	63.4	77.39	88	NA	NA	NA	NA	NA	NA	NA	2024-05-23
NA	NA	NA	NA	NA	NA	NA	148.68	142	116	108.28	90.74	71.79	67.70314	84.73	97.1	97	NA	NA	NA	NA	NA	NA	NA	2024-05-24
NA	NA	NA	NA	NA	NA	NA	NA	NA	NA	NA	93.93	79.28	68.77	85	84.33	80.5	NA	NA	NA	NA	NA	NA	NA	2024-05-25
NA	NA	NA	NA	NA	NA	85.07	85.07	85	74.03	30	8.1	9	5	3	9.65	18.19	51.99291	104	NA	NA	NA	NA	NA	2024-05-26
NA	NA	NA	NA	NA	NA	115.9	NA	NA	NA	NA	NA	NA	NA	NA	NA	NA	NA	NA	NA	NA	NA	NA	NA	2024-05-27
NA	NA	NA	NA	NA	NA	NA	NA	NA	NA	NA	NA	NA	NA	NA	NA	NA	112.36	NA	145	NA	NA	NA	NA	2024-05-28
NA	NA	NA	NA	NA	NA	NA	NA	NA	NA	NA	NA	NA	NA	NA	NA	NA	112	NA	NA	NA	NA	NA	NA	2024-05-29
NA	NA	NA	NA	NA	NA	NA	NA	NA	NA	NA	NA	NA	NA	NA	NA	NA	NA	NA	NA	NA	NA	NA	NA	2024-05-30
NA	NA	NA	NA	NA	NA	NA	NA	NA	NA	NA	NA	NA	NA	NA	NA	NA	92.05418	NA	NA	NA	NA	NA	NA	2024-05-31
NA	NA	NA	NA	NA	NA	NA	NA	NA	91.1	73.96	50	19	9.65	11	21	74.46	88.53	NA	NA	NA	NA	NA	NA	2024-06-01
NA	NA	NA	NA	NA	NA	NA	NA	NA	NA	48.95	49	NA	NA	NA	38.17	89	101	110.93	NA	NA	NA	NA	NA	2024-06-02
NA	NA	91.0511	NA	NA	99.45	119.57	141.75	143.92	128.08	112.38	104	89.31499	NA	NA	NA	NA	107	116.09	141.9	150	148.95	120	115	2024-06-03
NA	NA	NA	NA	NA	NA	120.28	166.98	160.2	120	109	99.37	90.11	90.12	95.5	95	109.15	NA	120	153.96	160.96	154.7	120	115	2024-06-04
NA	NA	NA	NA	NA	NA	111	152.1	136.28	117.11	111.2	105	89.38	89.38	95.9	96	100.9	101.97998	111	142.37	155.25	148	120.5	112.57	2024-06-05
110	109.13	105	102.00679	100	105	117.86	132.20786	125.19	110	104.74	97.1	69	65	75.36	74.24	90.59	94.60895	111.58102	138.13	143.72	138.6	117.72	110.4	2024-06-06
NA	NA	NA	NA	NA	NA	109.47	122.18	121.47	109.58	104.3	100.19	68.52	64.79	90	95	99.26	105	113.61	NA	NA	NA	NA	NA	2024-06-07
NA	NA	108.85	108.42	NA	NA	NA	NA	110.42	98	97	93.87	82.17	85.1	93.87	97	97.1	103.64	NA	NA	NA	NA	NA	NA	2024-06-08
104.59	104.59	101.25	NA	NA	NA	NA	NA	73	78.5	78.73	82.65	65.5	63.41	72.18	NA	95.79	100	103.69	NA	121.13	119.4	110	100.7	2024-06-09
NA	79.36	80.58	77	77	87.37	105.94172	120.26	123.26	108	89.9	75.57705	56.89	45.08	56.41988	74.9	79	92.82	104.5	116	123.26	119.4	106.62	100	2024-06-10
90.85	80.7	78.32	83	83.05	87.07	105.13	116	120.34	107.66	99	97.1	86.89	83	95.89996	99	108.19	110.91	116.42	140	146	136.3	110.91	108.54	2024-06-11
NA	NA	NA	NA	NA	NA	113.62756	127.39	131.39	118	110.55	104.5	85.95	85.95	NA	100	105	110.68	115	132.18	139.16	NA	111.69	NA	2024-06-12
NA	NA	NA	NA	NA	NA	109.77	123.05584	133.91	112.39	107.41	NA	NA	NA	NA	NA	NA	NA	110.85	129.99	146	NA	NA	NA	2024-06-13
109.08	NA	NA	NA	NA	NA	114.01	132.87	129.11	113.51	104.84	94.19	NA	70.52	85.13	95.45	100.91	103.45	112.92	NA	NA	NA	114	109.08	2024-06-14
NA	NA	NA	NA	NA	NA	NA	NA	NA	NA	NA	NA	NA	NA	NA	NA	NA	NA	NA	NA	NA	NA	NA	NA	2024-06-15
NA	NA	NA	NA	NA	NA	NA	NA	NA	NA	NA	NA	NA	NA	NA	NA	NA	NA	NA	NA	NA	NA	NA	NA	2024-06-16
NA	NA	NA	NA	NA	NA	NA	136.43	137.31	121.47	111.19	108.83	97.1	97.1	111	NA	NA	NA	126.3	160	165	NA	NA	NA	2024-06-17
NA	NA	NA	NA	NA	105.75	NA	NA	115	110.03	101	96.12	NA	NA	93.4	NA	NA	NA	116.93	NA	150.55	141.87	115	NA	2024-06-18
NA	NA	NA	NA	NA	NA	110.57	NA	114.59	111.82	108.45	100.25	89.25	90	100.1	NA	NA	NA	115	NA	NA	NA	114.5	109.75	2024-06-19
NA	NA	NA	NA	NA	NA	113.65	NA	117.42	123.09	114.28	112.38	NA	106.07	109.51	NA	NA	NA	120.5	148	NA	NA	NA	111.2	2024-06-20
NA	106.05	NA	100.1	100.1	NA	NA	120	NA	125.41	115.83	113.2	NA	NA	NA	NA	NA	117.95	121.18	NA	NA	NA	NA	NA	2024-06-21
NA	113.85	NA	NA	103.1	102.5	102.5	105	102.5	NA	NA	NA	NA	NA	NA	NA	NA	NA	NA	125.51	NA	NA	NA	NA	2024-06-22
NA	NA	NA	NA	NA	NA	NA	NA	NA	NA	NA	NA	NA	NA	NA	NA	NA	NA	NA	NA	NA	NA	NA	NA	2024-06-23
NA	NA	NA	NA	NA	NA	NA	NA	NA	NA	108	103.75	93.63	92.7	99.82	106.12	NA	NA	112.29	130	NA	NA	NA	108.93	2024-06-24
NA	NA	NA	NA	NA	NA	NA	NA	144.92	133.31	119.22	114	101.29	100.2	NA	NA	112.5	NA	114.85	133.24	NA	NA	NA	NA	2024-06-25
NA	NA	NA	NA	NA	NA	NA	NA	131.62	119.8	NA	NA	NA	NA	NA	NA	NA	NA	NA	NA	NA	NA	NA	NA	2024-06-26
NA	NA	NA	NA	NA	NA	NA	NA	NA	109	100.1	89.9	NA	NA	NA	NA	NA	NA	NA	NA	NA	NA	NA	NA	2024-06-27
NA	NA	NA	NA	NA	NA	NA	NA	122.1	111	107.33	102	90.81	86.46	NA	NA	NA	NA	110	NA	143	NA	NA	NA	2024-06-28
NA	NA	NA	NA	NA	NA	NA	NA	NA	NA	NA	NA	NA	NA	20	NA	NA	NA	NA	NA	NA	NA	NA	NA	2024-06-29
NA	NA	NA	NA	NA	NA	NA	NA	NA	NA	NA	NA	NA	NA	NA	NA	NA	NA	NA	NA	NA	NA	NA	NA	2024-06-30
NA	NA	NA	NA	NA	NA	NA	130.75	NA	NA	NA	NA	104.46	103.13	102	NA	114.32	NA	124.11	NA	NA	NA	NA	NA	2024-07-01
NA	NA	NA	NA	NA	NA	NA	NA	NA	NA	NA	NA	NA	NA	NA	NA	NA	NA	NA	NA	NA	NA	NA	NA	2024-07-02
NA	NA	89.7	89.4	90.5	95.46	NA	NA	NA	120.66	NA	NA	NA	NA	NA	NA	NA	NA	NA	135.16	144.44	NA	NA	NA	2024-07-03
NA	104	NA	100	NA	NA	NA	137.07	139.25	NA	NA	NA	NA	NA	NA	NA	NA	NA	NA	NA	NA	NA	NA	NA	2024-07-04
NA	NA	NA	NA	NA	NA	NA	113.84	123.74	102.51	97.43	94.64	84	82.1	86.38	92.08	96.54	NA	NA	NA	NA	NA	NA	NA	2024-07-05
NA	NA	NA	NA	NA	NA	NA	NA	NA	NA	NA	NA	NA	NA	NA	NA	NA	NA	NA	NA	NA	NA	NA	NA	2024-07-06
NA	NA	NA	NA	NA	NA	NA	96.4	NA	NA	NA	NA	NA	NA	NA	NA	NA	NA	NA	NA	NA	NA	NA	NA	2024-07-07
NA	NA	NA	NA	NA	NA	NA	NA	130	115.04	106.4	101.08	94.63	89.46	98	98	NA	NA	NA	NA	NA	NA	NA	NA	2024-07-08
NA	NA	NA	105	NA	102.4	NA	124.44	125.96	116.22	107.5	105	97.37	95	NA	NA	109.48	NA	NA	NA	NA	NA	NA	NA	2024-07-09
NA	106.9	105	101.5	100.1	100	103.5	116.84	124.02	108.54	101.5	100.35	99.02	100	101.5	107.18	NA	NA	NA	NA	NA	NA	NA	NA	2024-07-10
NA	NA	NA	104.06	103.65	104.06	NA	NA	NA	111.27	105	103.44	NA	103.9	105.44	105	114.3	114.38	137.8	NA	NA	NA	NA	NA	2024-07-11
NA	NA	NA	NA	NA	NA	NA	NA	NA	113.28	105	103.74	100.5	100.1	100.1	NA	NA	NA	NA	NA	NA	NA	NA	NA	2024-07-12
NA	NA	NA	NA	NA	100	NA	NA	NA	NA	NA	NA	NA	NA	NA	NA	NA	NA	NA	NA	NA	NA	NA	NA	2024-07-13
NA	NA	NA	NA	NA	NA	NA	NA	NA	NA	NA	NA	NA	NA	NA	NA	NA	NA	NA	NA	NA	NA	NA	NA	2024-07-14
NA	NA	NA	NA	NA	NA	NA	NA	NA	NA	NA	NA	NA	NA	NA	NA	NA	NA	NA	NA	NA	NA	NA	NA	2024-07-15
NA	NA	NA	100.1	100.1	100.1	103.14	NA	NA	NA	NA	103.14	100.1	NA	NA	NA	NA	117.22	NA	NA	NA	NA	NA	NA	2024-07-16
NA	107	NA	NA	104.77	104	NA	NA	111.83	NA	NA	NA	NA	NA	NA	NA	NA	NA	NA	NA	NA	NA	NA	NA	2024-07-17
NA	NA	NA	NA	100.01	NA	NA	NA	NA	NA	NA	NA	NA	NA	NA	NA	NA	NA	NA	NA	NA	NA	NA	NA	2024-07-18
NA	NA	NA	NA	NA	NA	NA	NA	NA	NA	NA	NA	NA	NA	NA	NA	NA	119.99	NA	NA	NA	NA	NA	NA	2024-07-19
NA	NA	NA	NA	NA	NA	NA	102.34	NA	NA	NA	NA	93.96	NA	NA	NA	NA	NA	NA	NA	NA	NA	NA	NA	2024-07-20
NA	NA	NA	NA	NA	NA	NA	NA	NA	NA	NA	NA	NA	NA	NA	NA	NA	NA	NA	NA	NA	NA	NA	NA	2024-07-21
NA	NA	NA	NA	NA	NA	NA	123.8	123.8	120	NA	NA	NA	NA	NA	107.59	NA	NA	NA	NA	NA	NA	NA	NA	2024-07-22
NA	NA	NA	NA	NA	NA	NA	NA	NA	106.77	100.8	NA	NA	NA	NA	108.04	108.04	NA	NA	NA	NA	NA	NA	NA	2024-07-23
NA	NA	103	103.07	102.84	NA	NA	NA	NA	105	NA	NA	NA	NA	NA	NA	NA	NA	NA	NA	NA	NA	NA	NA	2024-07-24
NA	NA	NA	NA	NA	NA	NA	NA	NA	116	NA	NA	NA	NA	NA	NA	NA	NA	NA	NA	NA	NA	NA	NA	2024-07-25
NA	NA	106.15	105	105	105.11	NA	NA	128.46	123.15	NA	NA	NA	NA	NA	NA	NA	NA	NA	NA	NA	NA	NA	NA	2024-07-26
NA	NA	NA	NA	NA	NA	NA	NA	102.83	NA	97.15	91.13	92.34	NA	NA	NA	102.98	NA	NA	NA	NA	NA	NA	NA	2024-07-27
NA	110.65	109.65	NA	NA	NA	NA	103.3	105.9	NA	NA	NA	NA	NA	NA	NA	NA	NA	NA	NA	NA	NA	NA	NA	2024-07-28
123.9	109.65	115	110	110	115	NA	123.9	134	131.86	123.9	117	107.62	108.31	NA	NA	NA	123.9	NA	NA	173.02	NA	131.4	NA	2024-07-29
NA	NA	NA	NA	NA	NA	NA	NA	NA	NA	NA	NA	NA	NA	NA	NA	NA	NA	NA	NA	NA	NA	NA	NA	2024-07-30
110.59	108.65	109	107.76	107.37	105.27	NA	107.95	112.75	109.2	107.37	106.48	104.5	105	106	109.49	110.11	111.37	NA	NA	NA	NA	NA	115	2024-07-31
NA	NA	108.16	105.28	106.46	NA	118	NA	115.44	115.37	112.5	112.22	109.5	111.87	110.2	NA	NA	NA	NA	NA	NA	NA	NA	NA	2024-08-01
NA	NA	112.3	NA	NA	NA	NA	NA	116	116	111.41	110.02	109.81	109.81	109.81	109.81	NA	NA	NA	NA	NA	NA	NA	NA	2024-08-02
NA	NA	NA	NA	NA	NA	NA	NA	NA	NA	NA	101.95	NA	NA	NA	NA	NA	NA	NA	NA	NA	NA	NA	NA	2024-08-03
NA	NA	NA	NA	NA	NA	NA	NA	NA	NA	NA	NA	NA	NA	NA	NA	NA	NA	NA	NA	NA	NA	NA	NA	2024-08-04
NA	NA	NA	NA	NA	NA	NA	NA	118	115	108.08	106.13	101.36	102.97	NA	NA	NA	NA	NA	NA	NA	NA	NA	NA	2024-08-05
NA	NA	NA	NA	NA	NA	NA	NA	125.79	117.77	115	113.52	NA	111	NA	NA	NA	NA	NA	NA	NA	NA	NA	NA	2024-08-06
NA	NA	NA	NA	NA	NA	NA	NA	125	120	116	115.09	112.12	111.7	112.93	116	NA	NA	NA	NA	NA	NA	NA	NA	2024-08-07
NA	NA	NA	115.08	NA	NA	NA	NA	122.01	118.82	NA	115.3	115	115.08	NA	117.93	NA	NA	NA	NA	NA	NA	NA	NA	2024-08-08
125	120	116.94	116.94	116.94	117.22	NA	123.42	120	118	117	114.11	110.83	112.2	NA	NA	NA	120.84	NA	NA	NA	NA	NA	NA	2024-08-09
NA	NA	NA	NA	NA	NA	NA	NA	NA	NA	NA	NA	NA	NA	NA	NA	NA	NA	NA	NA	NA	NA	NA	NA	2024-08-10
NA	NA	NA	NA	NA	NA	NA	NA	NA	NA	NA	NA	NA	NA	NA	NA	NA	NA	NA	NA	NA	NA	NA	NA	2024-08-11
NA	NA	NA	NA	NA	NA	NA	NA	NA	NA	NA	NA	NA	NA	NA	NA	NA	NA	NA	NA	NA	NA	NA	NA	2024-08-12
NA	NA	NA	NA	NA	NA	NA	NA	NA	NA	NA	NA	NA	NA	NA	NA	NA	NA	NA	NA	NA	NA	NA	NA	2024-08-13
NA	NA	NA	NA	NA	NA	NA	NA	NA	NA	NA	NA	NA	NA	NA	NA	NA	NA	NA	NA	NA	NA	NA	NA	2024-08-14
NA	NA	NA	NA	NA	NA	NA	NA	NA	NA	NA	NA	NA	NA	NA	NA	NA	NA	NA	NA	NA	NA	NA	NA	2024-08-15
NA	NA	NA	NA	NA	NA	NA	NA	NA	NA	NA	NA	NA	NA	NA	NA	NA	NA	NA	NA	NA	NA	NA	NA	2024-08-16
NA	NA	NA	NA	NA	NA	NA	NA	NA	NA	NA	NA	NA	NA	NA	NA	NA	NA	NA	NA	NA	NA	NA	NA	2024-08-17
NA	NA	NA	NA	NA	NA	NA	NA	NA	NA	NA	NA	NA	NA	NA	NA	NA	NA	NA	NA	NA	NA	NA	NA	2024-08-18
NA	NA	NA	NA	NA	NA	NA	124	NA	NA	NA	NA	108.62	108.55	NA	116.04	NA	NA	NA	NA	NA	NA	NA	NA	2024-08-19
NA	NA	NA	NA	NA	NA	NA	NA	NA	118.64	112.44	NA	NA	NA	NA	106	NA	NA	130	NA	NA	NA	128.23	NA	2024-08-20
NA	NA	NA	NA	NA	NA	NA	NA	NA	NA	NA	NA	109.14	106.39	108.76	114.87	NA	NA	NA	NA	NA	NA	NA	122	2024-08-21
NA	NA	NA	NA	NA	NA	NA	NA	120	111.71	107.56	102.81	99.74	NA	NA	NA	NA	NA	NA	NA	NA	NA	NA	NA	2024-08-22
NA	118	115.5	NA	NA	NA	NA	NA	NA	NA	109.63	105.25	NA	NA	NA	NA	NA	NA	NA	NA	NA	NA	NA	NA	2024-08-23
NA	129.65	123.96	116.5	116.5	118	120	120	110.65	105.45	NA	NA	NA	NA	NA	98.76	NA	122.66	NA	NA	NA	NA	NA	NA	2024-08-24
NA	NA	124.46	120	120	116.2	115	115	NA	NA	NA	NA	NA	NA	NA	NA	NA	NA	NA	NA	NA	NA	NA	NA	2024-08-25
NA	111.57	110.2	109.95	108.12	114.99	NA	NA	137.99	NA	118.83	116.73	NA	NA	NA	NA	NA	NA	NA	NA	NA	NA	NA	NA	2024-08-26
NA	NA	NA	NA	114.73	115	128	NA	129.94	120.72	123.68	117.41	NA	NA	NA	NA	NA	NA	NA	NA	NA	NA	NA	NA	2024-08-27
NA	NA	NA	NA	NA	NA	NA	NA	NA	NA	NA	NA	NA	NA	NA	NA	NA	NA	NA	NA	NA	NA	NA	NA	2024-08-28
NA	NA	NA	NA	NA	NA	NA	NA	NA	119.42	115	109.9	NA	NA	NA	NA	NA	165	220	NA	NA	NA	NA	NA	2024-08-29
123.08	122.52	120	115.58	116.08	NA	NA	NA	NA	122.37	117.01	115	108.41	110	NA	NA	NA	143.87	NA	NA	NA	NA	NA	NA	2024-08-30
123.66	123.45	121.96	120.11	120	118.36	NA	119.96	117.2	113.73	103.86	NA	NA	NA	99	NA	NA	NA	NA	NA	NA	NA	NA	NA	2024-08-31
123.67	123.48	NA	NA	116.41	113.33	116	NA	108.49	100.2	NA	NA	NA	NA	NA	NA	NA	NA	NA	NA	NA	NA	NA	NA	2024-09-01
NA	120	117	116.74	117	121.28	NA	191.67	NA	173.21	132.79	130	130	128.68	170	NA	NA	210	NA	NA	NA	NA	NA	NA	2024-09-02
NA	NA	NA	NA	NA	123	140.72	NA	167.43	146	128.7	NA	122.01	NA	NA	130	NA	NA	NA	NA	NA	NA	NA	NA	2024-09-03
NA	NA	NA	NA	120	NA	NA	NA	180	180	141.76	125	122.36	122.36	123.14	130	163.08	NA	NA	NA	NA	NA	NA	NA	2024-09-04
121.01	119.05	116.69	112.3	114.71	116.69	NA	NA	164.2	182.93	NA	NA	NA	NA	NA	NA	NA	NA	NA	NA	NA	NA	NA	NA	2024-09-05
110.44	106.34	105.46	105.26	105.26	106.34	NA	NA	165	165	132.17	118.84	105.46	105.46	110	NA	NA	NA	NA	NA	NA	NA	NA	NA	2024-09-06
NA	NA	NA	NA	NA	NA	139.68	143.54	141.32	113.86	105	96	89.5	83.03	NA	NA	NA	NA	NA	NA	NA	NA	NA	NA	2024-09-07
NA	NA	115.69	115.1	NA	115.14	113.65	113.72	113.1	111.49	113.49	107.09	106.73	106.71	107.92	105.1	NA	NA	NA	NA	NA	NA	NA	NA	2024-09-08
NA	NA	NA	NA	NA	NA	NA	NA	153	155.42	NA	NA	NA	NA	NA	NA	NA	NA	NA	164	NA	132.1	NA	111.9	2024-09-09
NA	96	96.8	95	NA	NA	115.8	125.71	NA	NA	NA	NA	NA	NA	NA	NA	NA	NA	NA	NA	NA	NA	NA	NA	2024-09-10
107.51	105.1	104.27	105.1	104.54	108	126.8	NA	NA	NA	113.05	NA	NA	NA	NA	NA	NA	NA	NA	NA	NA	NA	NA	NA	2024-09-11
NA	103.49	97	97	NA	NA	NA	NA	NA	122.65	115.48	110.07	93.2	NA	93.3	NA	NA	116.18	NA	NA	NA	NA	NA	NA	2024-09-12
NA	NA	NA	NA	NA	NA	110.83	NA	NA	NA	NA	NA	NA	NA	NA	NA	NA	102	111	131.1	NA	111.26	100.08	100.56	2024-09-13
NA	NA	NA	NA	88	NA	NA	NA	NA	NA	NA	NA	NA	NA	NA	NA	NA	NA	NA	NA	NA	118.15	NA	NA	2024-09-14
NA	NA	93.99	93.98	NA	NA	NA	NA	NA	NA	NA	NA	NA	NA	NA	NA	NA	NA	NA	NA	NA	NA	NA	NA	2024-09-15
NA	NA	92.7	93.98	92.87	NA	NA	NA	NA	NA	NA	NA	NA	NA	NA	NA	NA	NA	NA	NA	NA	NA	NA	NA	2024-09-16
108.31	105.1	103	NA	101.03	NA	118.5	136.59	NA	NA	NA	NA	NA	NA	NA	NA	NA	NA	NA	NA	NA	NA	NA	NA	2024-09-17
104.16	98.97	95.07	95	95	NA	NA	NA	NA	NA	NA	NA	NA	NA	NA	NA	NA	NA	NA	NA	NA	NA	NA	NA	2024-09-18
NA	NA	NA	NA	NA	NA	NA	NA	NA	NA	NA	NA	NA	NA	NA	NA	NA	NA	NA	NA	NA	NA	NA	NA	2024-09-19
NA	NA	NA	NA	NA	NA	NA	NA	NA	NA	NA	NA	NA	NA	NA	NA	NA	NA	NA	NA	NA	NA	NA	NA	2024-09-20
NA	NA	NA	NA	NA	NA	NA	NA	NA	NA	NA	NA	NA	NA	NA	NA	NA	NA	NA	NA	NA	NA	NA	NA	2024-09-21
NA	NA	NA	NA	NA	NA	NA	NA	NA	NA	NA	NA	NA	NA	NA	NA	NA	NA	NA	NA	NA	NA	NA	NA	2024-09-22
NA	NA	NA	NA	NA	NA	NA	NA	NA	NA	NA	NA	NA	NA	NA	NA	NA	NA	NA	NA	NA	NA	NA	NA	2024-09-23
NA	NA	NA	NA	NA	NA	NA	NA	NA	NA	NA	NA	NA	NA	NA	NA	NA	NA	NA	NA	NA	NA	NA	NA	2024-09-24
NA	NA	NA	NA	NA	NA	112.25	NA	170	NA	NA	NA	NA	NA	NA	NA	NA	NA	NA	NA	NA	NA	NA	NA	2024-09-25
NA	NA	NA	NA	NA	NA	NA	NA	NA	NA	NA	NA	NA	NA	NA	NA	NA	NA	NA	NA	NA	NA	NA	NA	2024-09-26
NA	NA	NA	NA	NA	NA	NA	NA	NA	NA	NA	NA	NA	NA	NA	NA	NA	NA	NA	NA	NA	NA	NA	NA	2024-09-27
NA	NA	NA	NA	NA	NA	NA	NA	NA	NA	NA	NA	NA	NA	NA	NA	NA	NA	NA	NA	NA	NA	NA	NA	2024-09-28
NA	NA	NA	NA	NA	NA	NA	NA	NA	NA	NA	NA	NA	NA	NA	NA	NA	NA	NA	NA	NA	NA	NA	NA	2024-09-29
NA	NA	NA	NA	NA	NA	NA	NA	NA	NA	NA	NA	NA	NA	NA	NA	NA	NA	NA	NA	NA	NA	NA	NA	2024-09-30
NA	NA	NA	NA	NA	NA	NA	NA	NA	NA	NA	NA	NA	NA	NA	NA	NA	NA	NA	NA	NA	NA	NA	NA	2024-10-01
NA	NA	NA	NA	NA	NA	NA	NA	NA	NA	NA	NA	NA	NA	NA	NA	NA	NA	NA	NA	NA	NA	NA	NA	2024-10-02
NA	NA	NA	NA	NA	NA	NA	NA	NA	NA	NA	NA	NA	NA	NA	NA	NA	NA	NA	NA	NA	NA	NA	NA	2024-10-03
NA	NA	NA	NA	NA	NA	NA	NA	NA	NA	NA	NA	NA	NA	NA	NA	NA	NA	NA	NA	NA	NA	NA	NA	2024-10-04
NA	NA	NA	NA	NA	NA	NA	NA	NA	NA	NA	NA	NA	NA	NA	NA	NA	NA	NA	NA	NA	NA	NA	NA	2024-10-05
NA	NA	NA	NA	NA	NA	NA	NA	NA	NA	NA	NA	NA	NA	NA	NA	NA	NA	NA	NA	NA	NA	NA	NA	2024-10-06
NA	NA	NA	NA	NA	NA	NA	NA	NA	NA	NA	NA	NA	NA	NA	NA	NA	NA	NA	NA	NA	NA	NA	NA	2024-10-07
NA	NA	NA	NA	NA	NA	NA	NA	NA	NA	NA	NA	NA	NA	NA	NA	NA	NA	NA	NA	NA	NA	NA	NA	2024-10-08
NA	NA	NA	NA	NA	NA	NA	NA	NA	NA	NA	NA	NA	NA	NA	NA	NA	NA	NA	NA	NA	NA	NA	NA	2024-10-09
NA	NA	NA	NA	NA	NA	NA	NA	NA	NA	NA	NA	NA	NA	NA	NA	NA	NA	NA	NA	NA	NA	NA	NA	2024-10-10
NA	NA	NA	NA	NA	NA	NA	NA	NA	NA	NA	NA	NA	NA	NA	NA	NA	NA	NA	NA	NA	NA	NA	NA	2024-10-11
NA	NA	NA	NA	NA	NA	NA	NA	NA	NA	NA	NA	NA	NA	NA	NA	NA	NA	NA	NA	NA	NA	NA	NA	2024-10-12
NA	NA	NA	NA	NA	NA	NA	NA	NA	NA	NA	NA	NA	NA	NA	NA	NA	NA	NA	NA	NA	NA	NA	NA	2024-10-13
NA	NA	NA	NA	NA	NA	NA	NA	NA	NA	NA	NA	NA	NA	NA	NA	NA	NA	NA	NA	NA	NA	NA	NA	2024-10-14
NA	NA	NA	NA	NA	NA	NA	NA	NA	NA	NA	NA	NA	NA	NA	NA	NA	NA	NA	NA	NA	NA	NA	NA	2024-10-15
NA	NA	NA	NA	NA	NA	NA	NA	NA	NA	NA	NA	NA	NA	NA	NA	NA	NA	NA	NA	NA	NA	NA	NA	2024-10-16
NA	NA	NA	NA	NA	NA	NA	NA	NA	NA	NA	NA	NA	NA	NA	NA	NA	NA	NA	NA	NA	NA	NA	NA	2024-10-17
NA	NA	NA	NA	NA	NA	NA	NA	NA	NA	NA	NA	NA	NA	NA	NA	NA	NA	NA	NA	NA	NA	NA	NA	2024-10-18
NA	NA	NA	NA	NA	NA	NA	NA	NA	NA	NA	NA	NA	NA	NA	NA	NA	NA	NA	NA	NA	NA	NA	NA	2024-10-19
NA	NA	NA	NA	NA	NA	NA	NA	NA	NA	NA	NA	NA	NA	NA	NA	NA	NA	NA	NA	NA	NA	NA	NA	2024-10-20
NA	NA	NA	NA	NA	NA	NA	NA	NA	164.26	NA	NA	NA	NA	NA	NA	NA	NA	NA	NA	NA	NA	NA	NA	2024-10-21
NA	NA	NA	NA	NA	NA	NA	160	NA	NA	131.68	NA	102.63	101.81	107.33	NA	NA	NA	NA	NA	NA	NA	NA	NA	2024-10-22
NA	NA	NA	NA	NA	NA	NA	NA	NA	155.86	NA	NA	NA	NA	NA	NA	NA	NA	NA	NA	NA	NA	NA	NA	2024-10-23
NA	NA	NA	NA	NA	NA	NA	NA	NA	142	NA	NA	NA	NA	NA	NA	NA	NA	NA	NA	NA	NA	NA	NA	2024-10-24
NA	NA	NA	NA	NA	NA	NA	NA	NA	145.1	NA	NA	NA	NA	NA	NA	NA	NA	NA	NA	NA	NA	NA	NA	2024-10-25
118.57	109.14	105.1	104.3	101.46	101.46	111.46	NA	135.93	130.39	115	110	98.79	90.9	88.79	95.28	NA	NA	NA	NA	NA	NA	NA	105	2024-10-26
97.71	NA	NA	NA	NA	NA	NA	NA	NA	NA	NA	NA	NA	NA	NA	NA	NA	130	NA	NA	NA	NA	NA	NA	2024-10-27
NA	NA	NA	NA	NA	NA	NA	NA	NA	112.9	106.81	105.1	98.88	NA	NA	NA	NA	NA	NA	NA	NA	NA	NA	NA	2024-10-28
117.15	111.46	111.46	110	111.46	NA	NA	NA	NA	NA	120.34	NA	NA	109.26	122.3	134.78	164.46	160	NA	NA	NA	NA	NA	115.11	2024-10-29
NA	NA	NA	NA	NA	NA	NA	NA	NA	NA	NA	110.64	NA	106.7	NA	127.57	NA	160	NA	NA	NA	NA	NA	NA	2024-10-30
NA	NA	NA	NA	NA	NA	NA	NA	NA	NA	NA	NA	NA	NA	NA	NA	NA	NA	NA	NA	NA	NA	NA	NA	2024-10-31
NA	NA	NA	NA	NA	NA	NA	NA	NA	NA	NA	NA	NA	NA	NA	NA	NA	NA	NA	NA	NA	NA	NA	NA	2024-11-01
NA	NA	NA	NA	NA	NA	NA	NA	NA	NA	NA	NA	NA	NA	NA	NA	NA	NA	NA	NA	NA	NA	NA	NA	2024-11-02
NA	NA	NA	NA	NA	NA	NA	NA	NA	NA	NA	NA	NA	NA	NA	NA	NA	NA	NA	NA	NA	NA	NA	NA	2024-11-03
NA	NA	NA	NA	NA	NA	131.08	152.71	152.71	131.08	116.78	109.39	103.16	104.65	115.88	NA	170.68	170	177.15	NA	NA	127	117.39	113	2024-11-04
107.58	102.3	100.67	100.56	100.39	NA	NA	NA	NA	NA	106.8	103.01	96.69	NA	109.74	NA	NA	NA	NA	NA	NA	NA	NA	114.06	2024-11-05
110.3	105.11	105.11	105.1	105.01	NA	NA	131.61	144.44	NA	NA	NA	NA	NA	123.72	NA	NA	NA	NA	NA	NA	NA	NA	115.94	2024-11-06
NA	103.56	100.41	100.52	NA	NA	NA	NA	149.1	NA	NA	118.41	113.03	116	NA	138.85	NA	167.84	NA	NA	135	NA	NA	108.38	2024-11-07
NA	NA	NA	NA	NA	NA	NA	NA	NA	NA	NA	NA	NA	NA	114	NA	135.39	NA	NA	NA	NA	NA	117.55	113.19	2024-11-08
111.54	110.89	105.1	104.43	102.4	104.48	113.68	122.58	123.85	124.36	117.48	113.54	NA	NA	NA	122.12	134	NA	NA	NA	NA	122.87	120	114.77	2024-11-09
125	120	116.03	116.05	116.32	116.1	117.51	114.43	110.53	NA	NA	NA	NA	NA	NA	NA	130.12	143	NA	NA	127.7	125.87	123.8	114.32	2024-11-10
NA	NA	NA	NA	NA	NA	NA	NA	NA	NA	NA	NA	NA	118.91	NA	149.59	151	154.47	156.7	158.28	136.94	127.28	125	NA	2024-11-11
116.59	111.18	111.6	111.6	NA	NA	140	NA	NA	NA	NA	NA	NA	NA	NA	NA	NA	168.52	161.84	159.5	NA	NA	NA	NA	2024-11-12
NA	NA	NA	110.52	NA	NA	131.23	NA	NA	NA	NA	NA	126.42	NA	NA	NA	179	186.54	185.7	NA	144.68	135.59	129.52	NA	2024-11-13
NA	113.65	NA	112.43	NA	NA	133.52	136.1	155	146	NA	NA	NA	NA	NA	147.59	NA	NA	NA	NA	NA	130	NA	NA	2024-11-14
NA	NA	NA	NA	NA	113.6	NA	NA	165	NA	NA	NA	NA	NA	NA	140.22	NA	160.8	161.15	161.95	150	NA	NA	NA	2024-11-15
NA	NA	NA	NA	NA	NA	140	155	NA	NA	NA	NA	103.41	NA	123.06	NA	NA	NA	NA	NA	NA	NA	NA	NA	2024-11-16
NA	NA	114.22	110.9	NA	NA	NA	NA	NA	NA	NA	NA	104.5	NA	NA	NA	141	146.5	155.85	159.24	147.19	NA	126	NA	2024-11-17
NA	NA	103.45	111	111	NA	NA	NA	NA	141.66	NA	NA	124	NA	133.1	NA	164.23	169.75	NA	NA	NA	141.66	NA	NA	2024-11-18
NA	NA	NA	NA	116.36	124.6	NA	NA	171.36	NA	NA	NA	NA	NA	NA	NA	164.9	168.75	NA	NA	NA	132.34	130	117.86	2024-11-19
111.11	110	106.9	105.9	105.89	109.17	135.4	NA	151.36	146.77	136.97	NA	NA	NA	NA	NA	NA	NA	NA	NA	NA	NA	123.65	111.02	2024-11-20
110	108.82	106.41	107.3	108.82	111.65	NA	NA	160	NA	NA	130.37	124.49	NA	NA	NA	NA	NA	162.24	NA	135.78	134	128.23	116.96	2024-11-21
120.38	116.56	113	112.5	NA	114.66	142.01	155	170	NA	NA	NA	NA	NA	NA	NA	NA	NA	153	153.67	142.87	140	135.91	133	2024-11-22
131.87	130.4	126.5	121.8	122.5	125	137.83	NA	152.31	138.59	125.6	118.15	120	118.09	126.9	NA	NA	NA	NA	NA	NA	144	138.07	134.67	2024-11-23
131.87	123.38	120.88	120.4	119	119.26	127.54	124.4	124.9	121	117.7	110.07	117	111.07	121.79	NA	153.21	165.44	170	NA	NA	NA	NA	130.82	2024-11-24
124.5	117.46	116.63	117	118.6	124	143.5	NA	NA	NA	134	135	129.24	134.08	NA	NA	NA	NA	NA	NA	NA	NA	NA	130.37	2024-11-25
131.03	126.69	124	123.95	122.17	126.17	NA	NA	NA	NA	NA	NA	NA	NA	NA	175	185	NA	170.5	NA	NA	NA	NA	133.62	2024-11-26
136.64	135.01	134.13	134.13	134.11	NA	NA	NA	NA	NA	NA	NA	NA	NA	NA	NA	NA	187.39	NA	NA	152.31	NA	NA	130.36	2024-11-27
120.93	116.7	117.4	116.59	116.59	NA	NA	NA	NA	NA	NA	NA	NA	NA	NA	NA	NA	NA	NA	NA	NA	NA	133	127.88	2024-11-28
121.07	117.68	117.35	121.3	122.3	130.09	NA	NA	NA	NA	143.99	134.72	NA	NA	NA	146.02	NA	NA	NA	NA	NA	NA	NA	NA	2024-11-29
111.27	109.84	104.3	NA	NA	NA	NA	136	143.35	144.69	120.12	109.3	NA	NA	NA	NA	NA	NA	NA	NA	NA	120.63	NA	NA	2024-11-30
125.57	110.96	96.3	NA	NA	NA	106.22	110.58	120.1	121.54	106.22	NA	NA	NA	100	125.09	140	151.68	NA	NA	147.53	138.86	128.54	119.5	2024-12-01
104.72	NA	NA	100	NA	NA	NA	NA	NA	NA	NA	132.38	NA	NA	NA	NA	NA	NA	NA	NA	160.14	NA	140	134.84	2024-12-02
129.94	125.6	121	123.66	123.17	124.04	NA	NA	NA	188.36	168.87	162.38	NA	NA	NA	NA	NA	NA	NA	NA	NA	NA	143	135.16	2024-12-03
135.08	129.4	130	123.5	123.02	134.12	NA	NA	NA	NA	NA	NA	NA	NA	NA	NA	NA	225.87	204.75	NA	170	NA	NA	135.69	2024-12-04
135.64	129.54	123.33	123.23	124.01	130.34	144.87	179.37	NA	NA	NA	142.66	136.26	138.29	141.95	NA	NA	NA	NA	NA	NA	NA	NA	124.62	2024-12-05
NA	111.69	111.82	109.38	109.38	NA	NA	160.58	NA	NA	NA	NA	NA	NA	NA	NA	NA	NA	NA	NA	155	NA	137.67	132.62	2024-12-06
136	134.5	126.03	120.1	118.94	120.1	NA	NA	NA	NA	NA	NA	129.5	129.58	136.31	NA	NA	NA	NA	NA	NA	140.42	134.01	130.9	2024-12-07
133.79	120.1	107.29	100.1	95	NA	109.46	120.1	125	138.18	135	NA	NA	125.08	127.99	NA	NA	146	152.96	160.09	150.35	140.04	135.85	120	2024-12-08
92.92	84	NA	60.46	63.2	98.26	NA	NA	154.62	NA	143.51	142.63	NA	NA	NA	NA	NA	NA	NA	NA	NA	NA	NA	129.46	2024-12-09
133.76	129.96	125	123.53	123.54	129.43	NA	NA	NA	NA	NA	NA	NA	NA	NA	NA	NA	NA	NA	NA	NA	NA	NA	134.55	2024-12-10
132.56	127.77	121.8	121.83	122.44	132.49	NA	NA	NA	NA	NA	NA	NA	NA	NA	NA	NA	NA	NA	NA	NA	NA	NA	NA	2024-12-11
130.65	122.18	119.3	120.99	119.32	125.2	155.81	NA	NA	NA	NA	NA	NA	NA	NA	NA	NA	NA	NA	NA	NA	NA	NA	NA	2024-12-12
NA	NA	NA	116.19	NA	NA	NA	NA	NA	NA	NA	NA	NA	NA	NA	NA	NA	NA	NA	NA	NA	NA	136.19	131.31	2024-12-13
117.86	114	113.4	109	107.48	113.4	120.1	NA	139.68	139.96	NA	NA	122	120.3	123.55	128.76	NA	NA	NA	NA	NA	NA	121.03	114.2	2024-12-14
114.96	99.3	98.16	97.11	97.6	98.7	111.49	122.28	138.56	120.87	119.12	100.11	100	NA	101.17	NA	138.56	155	NA	NA	NA	NA	NA	NA	2024-12-15
107.57	97.3	95.59	96.84	98.9	120.1	NA	NA	NA	160	125.19	119.85	110.34	116.89	127.86	NA	164.3	NA	NA	NA	NA	NA	NA	121.33	2024-12-16
116.63	NA	NA	NA	NA	NA	NA	NA	179.18	156.39	125.08	118.73	109.3	109.24	120	NA	NA	NA	NA	NA	NA	NA	124.83	NA	2024-12-17
NA	NA	NA	NA	NA	109.87	124.61	170	NA	NA	122.76	119.94	NA	NA	122.55	NA	170.54	158.91	NA	NA	NA	NA	NA	NA	2024-12-18
NA	NA	101.17	NA	NA	NA	NA	NA	NA	NA	120.1	118.57	110	109.13	NA	NA	NA	NA	NA	NA	NA	NA	NA	NA	2024-12-19
100.05	93.84	89.1	48.65	NA	NA	NA	135.7	152.74	NA	NA	NA	NA	NA	NA	NA	NA	NA	144.11	141.48	123.93	115.84	107.1	96.07	2024-12-20
101.06	87.5	41.99	35.96	53.3	60	96.1	109.22	119.33	NA	NA	NA	NA	72.8	NA	NA	NA	NA	NA	151.61	138.59	130	127.18	120	2024-12-21
NA	106.9	99.15	100	NA	NA	NA	NA	116	NA	NA	93.39	100.83	99.74	NA	NA	NA	NA	135.14	143.18	NA	120.1	104.7	NA	2024-12-22
NA	NA	NA	NA	NA	NA	99.99	NA	NA	NA	NA	NA	NA	NA	NA	NA	NA	NA	NA	NA	NA	NA	NA	NA	2024-12-23
NA	NA	NA	NA	NA	NA	NA	NA	NA	NA	NA	NA	NA	NA	NA	NA	NA	NA	NA	NA	NA	NA	NA	NA	2024-12-24
NA	NA	NA	NA	NA	NA	NA	NA	NA	NA	NA	NA	NA	NA	NA	NA	NA	NA	NA	NA	NA	NA	NA	NA	2024-12-25
NA	NA	NA	NA	NA	NA	NA	NA	NA	NA	NA	NA	NA	NA	NA	NA	126.53	NA	NA	NA	NA	NA	NA	NA	2024-12-26
NA	NA	NA	NA	NA	NA	NA	NA	NA	NA	NA	NA	NA	NA	NA	NA	NA	NA	NA	NA	NA	NA	NA	NA	2024-12-27
NA	NA	NA	NA	NA	NA	NA	NA	NA	NA	NA	NA	NA	NA	NA	NA	NA	NA	NA	NA	NA	NA	NA	NA	2024-12-28
NA	NA	NA	NA	NA	NA	NA	NA	NA	NA	NA	NA	NA	NA	NA	NA	NA	NA	NA	NA	NA	NA	NA	NA	2024-12-29
NA	NA	NA	NA	NA	NA	NA	NA	NA	NA	NA	NA	NA	NA	NA	NA	NA	NA	NA	NA	NA	NA	NA	NA	2024-12-30
NA	NA	NA	NA	NA	NA	NA	NA	NA	NA	NA	NA	NA	NA	123.41	NA	NA	NA	NA	NA	NA	NA	NA	NA	2024-12-31
